
Number of tokens in the dataset (excluding punctuation): 2254673
Overall hit rate: 0.8264763892591076

Perceptron - classifying emotions Test Case: 0.8 Random: 0: 

Params: MLPClassifier(max_iter=50) 

Score 0.43823298315048165

Confusion Matrix:
[[1106   24    9    8    9    4    0    8    3    4    2    3    0   15
     1   45    0   28   88    0  684   23    3    0    1    2    4   23]
 [  55  634    9    6    1    0    1    3    1    2    4    1    1    6
     1    6    0   20   12    0  508    5    0    0    0    1    7   11]
 [  10   18  245   25    0    3    1    4    0    4    8   17    1    2
     2    3    0    2    6    1  656    6    0    0    0    4    5    9]
 [  37   34   80   60    3    2    3    8    3    9   32   25    5    4
     8   11    0    6   12    0 1290    4    0    0    0    5   17    9]
 [ 167   40   13   12   96   15   10    6    8    2   25    8    0    7
     5    7    0   20   46    0 1719   27    0    1    0    8    6   12]
 [  20    7    4    1    1  104    3    3    1    1    3    1    0    0
     0    8    0    7   11    0  487   22    0    0    0    9   10    1]
 [  25   12   11    1    3    2   56   31    0    4    6    1    0    0
     4    4    0    1    1    0  789    4    0    3    0    3    4    7]
 [  27    7   10    5    3    1   18  159    1    2    4    0    3   10
     4    6    0    5    6    3  884    7    0    0    0    1    1   19]
 [  16    2    5    0    5    0    1    3   81    0    2    0    0    0
     0    2    0   13   17    0  275   30    0    0    0    0    3    1]
 [  15   16   17   10    2    2    4    1    5   34   12   10    4    1
     5    5    0    3   10    0  708   13    0    0    0    8   41   12]
 [  32   38   27   15    5    0    9    2    2    7  102    7    1    0
     4   12    0    3   14    0 1269    4    0    0    0    7   20    5]
 [  12    6   31   17    2    1    1    0    1    5    5  105    5    0
     7    0    0    0    3    0  389    2    0    0    0    0    5    7]
 [   7    8    3    1    1    1    0    1    0    0    4    5   18    0
     2    0    0    1    7    0  220    1    0    0    0    2    2    5]
 [  86   13    6    0    1    2    2    2    2    1    0    0    0   65
     0    7    0   30   19    2  333   13    0    0    0    0    3   20]
 [   6    9    2    2    2    0    0    0    0    1    2   13    2    0
   108    0    0    0    3    2  204    3    0    0    0    0    4    3]
 [  76    8    0    1    3    3    0    0    1    0    2    1    0    5
     0 1084    0   26   10    0  173   22    0    0    1   16    8    2]
 [   3    0    5    0    0    0    0    0    1    1    0    0    0    0
     0    1    2    0    0    0   48    0    0    0    0    3    7    1]
 [  67   87    2    2    2    1    0    2    5    1    0    1    0   19
     0   23    0  165   46    0  347   16    0    0    1    1    6    6]
 [  75   12    5    1    3    5    1    3    0    3    2    0    0    2
     2    7    0   15  600    0  219    6    0    0    0    0    4    1]
 [   3    0    2    0    0    0    0    0    0    2    3    1    0    0
     6    0    0    0    1    7  119    0    0    0    0    0    3    1]
 [ 334  206  118   29   39   34   33   85   16   12   49   29    4   25
    30   72    2   34  125    3 9553   61    2    4    0   24   60   58]
 [  36   10    2    0    3   13    1    2    8    0    4    0    0    3
     0   17    0    6    8    0  496  230    1    0    0    1    3    7]
 [  22    1    0    0    1    1    0    0    0    1    1    0    0    0
     0    3    0    4    4    0   80    2    8    0    0    0    0    0]
 [  32   28    1    2    3    2    2    2    1    1    9    6    1    1
     4    8    0    4    7    0  820    2    0    8    0   10    5   15]
 [   7    1    1    0    1    2    1    0    0    1    1    0    0    0
     1   18    0   12    1    0   96    1    0    0    0    0    2    1]
 [   3    5    2    2    0    2    2    1    3    0    2    0    2    0
     0    2    0    0    1    0  118    4    0    0    0  126   23    1]
 [   6   12    4    6    4    2    2    1    1   14    7    4    2    1
     9    6    2    3    9    1  466    5    0    0    0   35  156    3]
 [  36    9   13    4    3    2    2    6    0    1    2    3    2    9
     7    2    0    4    1    0  412    5    0    1    1    1    3  147]]

Classification Report:
                precision    recall  f1-score   support

    admiration       0.48      0.53      0.50      2097
     amusement       0.51      0.49      0.50      1295
         anger       0.39      0.24      0.30      1032
     annoyance       0.29      0.04      0.06      1667
      approval       0.49      0.04      0.08      2260
        caring       0.51      0.15      0.23       704
     confusion       0.37      0.06      0.10       972
     curiosity       0.48      0.13      0.21      1186
        desire       0.56      0.18      0.27       456
disappointment       0.30      0.04      0.06       938
   disapproval       0.35      0.06      0.11      1585
       disgust       0.44      0.17      0.25       604
 embarrassment       0.35      0.06      0.11       289
    excitement       0.37      0.11      0.17       607
          fear       0.51      0.30      0.37       366
     gratitude       0.80      0.75      0.77      1442
         grief       0.33      0.03      0.05        72
           joy       0.40      0.21      0.27       800
          love       0.56      0.62      0.59       966
   nervousness       0.37      0.05      0.08       148
       neutral       0.41      0.87      0.56     11041
      optimism       0.44      0.27      0.34       851
         pride       0.57      0.06      0.11       128
   realization       0.47      0.01      0.02       974
        relief       0.00      0.00      0.00       147
       remorse       0.47      0.42      0.45       299
       sadness       0.38      0.20      0.27       761
      surprise       0.38      0.22      0.28       676

      accuracy                           0.44     34363
     macro avg       0.43      0.22      0.25     34363
  weighted avg       0.44      0.44      0.36     34363


Perceptron - classifying sentiments Test Case: 0.8 Random: 0: 

Params: MLPClassifier(max_iter=50) 

Score 0.5818467537758636

Confusion Matrix:
[[1061  793 1389  599]
 [ 264 4772 1864  847]
 [ 595 2168 6236 2007]
 [ 267 1176 2400 7925]]

Classification Report:
              precision    recall  f1-score   support

   ambiguous       0.49      0.28      0.35      3842
    negative       0.54      0.62      0.57      7747
     neutral       0.52      0.57      0.54     11006
    positive       0.70      0.67      0.68     11768

    accuracy                           0.58     34363
   macro avg       0.56      0.53      0.54     34363
weighted avg       0.58      0.58      0.58     34363


GridSearch_MLP - classifying emotions Test Case: 0.8 Random: 0: 

Params: GridSearchCV(estimator=MLPClassifier(),
             param_grid={'activation': ['logistic', 'tanh', 'relu', 'identity'],
                         'hidden_layer_sizes': [(50, 50, 50), (20, 40, 60)],
                         'max_iter': [50], 'solver': ['adam', 'sgd']}) 

Score 0.43500276460146087

Confusion Matrix:
[[1098   54    4    7   14    1    0    4    1    7    4    5    0   16
     4   72    0   54   83    0  634   17    0    1    0    0    3   29]
 [  41  729    4    9    4    0    0    1    2    3    2    5    1    4
     1    8    0   18   21    0  371    2    0    4    0    4    4   10]
 [   7   24  226   23    1    2    0    6    1   13    8   26    0    0
     5   10    0    0    4    0  686    2    0    0    0    2    6    8]
 [  25   64   73   67    5    5    3   12    2   13   17   34    2    2
     5   16    0    9   18    0 1203    8    0    1    0    7   25   12]
 [ 153   59    6    7   88   12    3    4    8   11   33    7    3    2
     7   34    0   29   40    1 1701   34    0    3    0    4    9   15]
 [  14   11    3    2    4   74    1    2    6    0    3    0    0    0
     2   18    0   11   10    0  465   34    0    0    0    8   15    2]
 [   9   22    6    4    8    0   42   37    2    3    7    2    0    1
     4    5    1    2    7    0  798    3    0    1    0    1    4   12]
 [  20   28    5    5    4    0   15  179    1    3    1    4    1    6
     3    9    0    8    9    0  874    3    0    0    0    2    1   16]
 [  15    9    5    0    3    3    1    1   73    3    3    2    0    4
     1    3    0   10   15    0  246   34    0    0    0    1    1    2]
 [  15   33   16   11    1    1    1    3    3   44   12    9    4    2
     3    7    0   10    8    2  643   11    0    2    0    9   33   12]
 [  25   59   25   14   11    0    1    1    2   10   88   17    0    1
     4    4    0    6   10    1 1186    7    0    1    0    6   10    3]
 [   4   10   27   17    1    1    0    0    2    4    5   97    0    0
     6    0    0    1    5    0  368    1    0    0    0    2    6    4]
 [   7   14    3    5    2    0    0    0    0    3    2   18    8    0
     0    1    0    0    2    0  229    1    0    0    0   17   12    0]
 [  64   23    2    1    2    1    0   11    4    1    1    2    0   69
     1   17    0   45   21    2  306    8    0    0    0    0    2   23]
 [   5    8    2    2    2    2    0    0    0    1    2   17    0    0
    87    1    0    0    2    2  206    2    0    0    0    0    9    2]
 [  81   15    0    0    0    3    0    2    3    1    0    1    0    6
     2 1097    0   18    9    0  139   14    0    0    0   23    4    4]
 [   1    1    1    0    0    1    0    0    0    1    0    0    0    0
     2    0    1    0    1    0   53    0    0    0    0    2    9    0]
 [  96  113    0    0    5    4    0    1    6    1    1    2    0   14
     1   28    0  201   60    0  320    7    0    0    1    0    5   12]
 [  70   16    1    1    1    0    0    2    2    3    1    0    0    3
     0    2    0   14  651    0  206    6    0    0    0    0    4    3]
 [   2    4    1    3    1    1    1    1    0    2    1    2    1    1
     9    1    0    1    2    5  132    1    0    0    0    1    3    2]
 [ 312  288   99   49   57   31   16  110   32   39   81   49    3   27
    35   80    2   55  155    0 9384   63    0    5    0   32   61   53]
 [  44    5    0    0    8   14    1    2   22    4    3    0    0    7
     0   24    0   16   12    0  534  214    0    0    0    1    1    5]
 [  24    4    1    0    0    2    0    0    0    0    1    0    0    0
     0    8    0    7    0    0   98    1    1    0    0    0    0    0]
 [  22   32    1    3    3    1    1    2    4    5    8    2    0    0
     2    4    0    2   11    0  758    3    0   12    0    9    2   22]
 [   5    2    1    0    0    3    0    0    0    3    1    0    0    2
     0   17    0   13    0    2   96    2    0    0    0    0    3    0]
 [   2    0    1    1    1    1    0    0    2    2    1    0    0    0
     0   17    0    0    4    0  141    1    0    1    0  110   25    2]
 [   4   19    6    8    2    7    0    0    1   24    7    6    2    0
    11    6    0    6    8    2  438    7    0    0    0   34  152    6]
 [  29   25    9    3    0    1    1   13    0    1    1    5    2    7
     4    4    0    4    5    0  398    3    0    1    0    0    1  151]]

Classification Report:
                precision    recall  f1-score   support

    admiration       0.50      0.52      0.51      2112
     amusement       0.44      0.58      0.50      1248
         anger       0.43      0.21      0.28      1060
     annoyance       0.28      0.04      0.07      1628
      approval       0.39      0.04      0.07      2273
        caring       0.43      0.11      0.17       685
     confusion       0.48      0.04      0.08       981
     curiosity       0.45      0.15      0.23      1197
        desire       0.41      0.17      0.24       435
disappointment       0.21      0.05      0.08       895
   disapproval       0.30      0.06      0.10      1492
       disgust       0.31      0.17      0.22       561
 embarrassment       0.30      0.02      0.05       324
    excitement       0.40      0.11      0.18       606
          fear       0.44      0.25      0.32       352
     gratitude       0.73      0.77      0.75      1422
         grief       0.25      0.01      0.03        73
           joy       0.37      0.23      0.28       878
          love       0.55      0.66      0.60       986
   nervousness       0.29      0.03      0.05       178
       neutral       0.41      0.84      0.56     11118
      optimism       0.44      0.23      0.30       917
         pride       1.00      0.01      0.01       147
   realization       0.38      0.01      0.03       909
        relief       0.00      0.00      0.00       150
       remorse       0.40      0.35      0.37       312
       sadness       0.37      0.20      0.26       756
      surprise       0.37      0.23      0.28       668

      accuracy                           0.44     34363
     macro avg       0.40      0.22      0.24     34363
  weighted avg       0.42      0.44      0.36     34363

Best parameters: {'activation': 'relu', 'hidden_layer_sizes': (50, 50, 50), 'max_iter': 50, 'solver': 'adam'}
Best score: 0.41409843688790043


GridSearch_MLP - classifying sentiments Test Case: 0.8 Random: 0: 

Params: GridSearchCV(estimator=MLPClassifier(),
             param_grid={'activation': ['logistic', 'tanh', 'relu', 'identity'],
                         'hidden_layer_sizes': [(50, 50, 50), (20, 40, 60)],
                         'max_iter': [50], 'solver': ['adam', 'sgd']}) 

Score 0.5888310100980706

Confusion Matrix:
[[1088  655 1515  572]
 [ 252 4579 2112  851]
 [ 544 2015 6415 2084]
 [ 193  966 2370 8152]]

Classification Report:
              precision    recall  f1-score   support

   ambiguous       0.52      0.28      0.37      3830
    negative       0.56      0.59      0.57      7794
     neutral       0.52      0.58      0.55     11058
    positive       0.70      0.70      0.70     11681

    accuracy                           0.59     34363
   macro avg       0.57      0.54      0.55     34363
weighted avg       0.59      0.59      0.58     34363

Best parameters: {'activation': 'relu', 'hidden_layer_sizes': (50, 50, 50), 'max_iter': 50, 'solver': 'adam'}
Best score: 0.5381817014646065

