
Perceptron - classifying Emotions: 

Params: MLPClassifier(max_iter=50) 

Score 0.3609583260578546

Confusion Matrix:
[[ 2627    38    12     2     3     2     0     0     0     1     0     3
      0     6     4   315     0    16   244     0  5099    25     0     0
      0     1     7     7]
 [  186   682    24    16     1     0     0     0     0     0     5     4
      0     2     2    52     1    22    50     0  3852     0     0     0
      0     4    10     1]
 [   44    31   271    22     3     2     0     0     0     4     5    11
      0     0     3    32     0     3    25     0  3683     0     0     0
      0     2    13     0]
 [   74    63   105    37     0     3     1     0     0     6     8     9
      1     2    10    62     0     5    44     2  6261     0     0     0
      0     5    29     0]
 [  367    38     8     5    32     4     1     0     2     0     9     3
      0     5     1   179     0    13    92     0  8279     3     1     0
      0    10    17     0]
 [   68     6     2     0     0    45     0     0     1     1     2     0
      0     0     0   164     0    11    35     0  2459    21     0     0
      0     8    13     1]
 [   39    24     7     0     2     0    12     0     0     1    11     0
      0     1     3    38     0     3    18     0  3771     2     0     0
      0     3     7     8]
 [   60    25     5     3     0     2     0    10     0     0     1     0
      0     4     0    81     3     0    23     0  4447     7     0     0
      0     3     8     6]
 [   37     5     1     0     0     2     0     0    23     0     0     0
      0     0     0    59     0     1    19     0  1540    28     0     0
      0     1     0     0]
 [   51    21     9     6     0     1     0     0     0    12     7    10
      1     0     4    35     0     0    20     0  3517     4     0     0
      0    11    44     1]
 [   74    30    22    10     1     3     0     0     0     1    54    14
      1     0     7    61     0     5    36     0  5797     4     0     0
      0     6    15     3]
 [   30    16    41    16     0     1     0     0     0     8     0    99
      1     0    26    12     0     0    20     0  2032     1     0     0
      0     2    18     0]
 [   10     7     3     0     0     0     0     0     0     2     3     5
     10     0     2     5     0     0    10     0  1074     0     0     0
      0     7     5     0]
 [  188    20     5     0     0     0     0     3     1     0     0     1
      0    53     1    92     0    36    39     0  1939    10     0     0
      0     0     7     8]
 [   19    12     2     1     0     0     0     0     0     0     2     9
      0     0    95     6     0     0     8     1  1232     1     0     0
      0     0    20     1]
 [  276    17    12     4     1     9     0     1     0     0     0     1
      0     7     0  2064     0    22    53     0  3097    20     1     0
      0     8    11     0]
 [    2     0     0     0     0     0     0     0     0     1     0     0
      0     0     2     5     2     0     4     0   251     2     0     0
      0     6    10     0]
 [  239   117     4     1     3     2     0     1     0     0     1     1
      0    18     1   190     0   108   158     0  2590    11     0     0
      0     1     5     2]
 [  282    22     3     4     0     2     0     0     0     0     0     0
      0     3     0    83     0    14  1235     0  2305     7     0     0
      0     1     3     0]
 [    3     0     2     1     0     0     0     0     0     0     1     0
      0     0     4    10     0     0     1    10   593     0     0     0
      0     0     8     1]
 [  912   226   129     9    14    30     8     4     2     5    49    22
      1    18    19   604     1    38   349     4 41609    26     0     0
      0    24    91    17]
 [  131    12     0     0     2    11     0     0     2     0     2     0
      0     5     1   179     0     5    38     0  3076   132     1     0
      0     2     4     2]
 [   75     3     1     0     0     0     0     0     0     0     0     0
      0     0     0    15     0     2     4     0   460     1     0     0
      0     0     0     0]
 [   68    17     2     1     0     1     0     0     0     3     4     4
      0     0     2    34     1     0    34     0  3607     0     0     0
      0     4     5     4]
 [   29     3     1     0     0     1     0     0     0     0     0     0
      0     0     0    25     0     2     1     0   559     1     0     0
      0     3     6     0]
 [    9    10     5     3     0     1     0     0     1     1     1     1
      0     0     1    46     0     2     5     0   955     1     0     0
      0   106    39     0]
 [   31    14    11     3     0     7     0     0     0     6     2     6
      0     0     9    39     2     8    30     0  2623     7     0     0
      0    54   255     3]
 [   96    19    18     4     0     0     0     0     0     0     4     1
      1     5     5    37     0     2     8     0  2531     0     0     0
      0     2     6    30]]

Classification Report:
                precision    recall  f1-score   support

    admiration       0.44      0.31      0.36      8412
     amusement       0.46      0.14      0.21      4914
         anger       0.38      0.07      0.11      4154
     annoyance       0.25      0.01      0.01      6727
      approval       0.52      0.00      0.01      9069
        caring       0.35      0.02      0.03      2837
     confusion       0.55      0.00      0.01      3950
     curiosity       0.53      0.00      0.00      4688
        desire       0.72      0.01      0.03      1716
disappointment       0.23      0.00      0.01      3754
   disapproval       0.32      0.01      0.02      6144
       disgust       0.49      0.04      0.08      2323
 embarrassment       0.62      0.01      0.02      1143
    excitement       0.41      0.02      0.04      2403
          fear       0.47      0.07      0.12      1409
     gratitude       0.46      0.37      0.41      5604
         grief       0.20      0.01      0.01       285
           joy       0.34      0.03      0.06      3453
          love       0.47      0.31      0.38      3964
   nervousness       0.59      0.02      0.03       634
       neutral       0.35      0.94      0.51     44211
      optimism       0.42      0.04      0.07      3605
         pride       0.00      0.00      0.00       561
   realization       1.00      0.00      0.00      3791
        relief       1.00      0.00      0.00       631
       remorse       0.39      0.09      0.15      1187
       sadness       0.39      0.08      0.14      3110
      surprise       0.32      0.01      0.02      2769

      accuracy                           0.36    137448
     macro avg       0.45      0.09      0.10    137448
  weighted avg       0.41      0.36      0.24    137448


Perceptron - classifying Sentiments: 

Params: MLPClassifier(max_iter=50) 

Score 0.47560531983004484

Confusion Matrix:
[[  496  1724  8601  4377]
 [  175  9551 13775  7369]
 [  287  4583 26382 12959]
 [  218  3205 14804 28942]]

Classification Report:
              precision    recall  f1-score   support

   ambiguous       0.42      0.03      0.06     15198
    negative       0.50      0.31      0.38     30870
     neutral       0.42      0.60      0.49     44211
    positive       0.54      0.61      0.57     47169

    accuracy                           0.48    137448
   macro avg       0.47      0.39      0.38    137448
weighted avg       0.48      0.48      0.45    137448


Perceptron - classifying Emotions: 

Params: MLPClassifier(max_iter=50) 

Score 0.36022350270647807

Confusion Matrix:
[[ 2632    37    13     2     3     2     0     1     0     1     1     2
      0    11     4   232     0    28   328     0  5070    17     0     0
      0     1    10     2]
 [  198   682    25     8     0     1     0     0     0     0     3     3
      0     6     2    36     0    32    87     0  3768     0     0     0
      0     1    15     1]
 [   41    29   304     6     0     0     0     0     0     0     1    11
      0     1     4    25     0     0    34     0  3711     0     0     0
      0     1     9     0]
 [   68    65   103    18     1     5     0     0     0     3     5     9
      2     1    11    49     1    10    65     0  6281     0     0     0
      0     3    21     0]
 [  369    47    10     0    17     6     0     4     1     0     4     0
      0     1     6   150     0     9   139     0  8262     6     0     0
      0     4    20     2]
 [   70     3     1     0     0    53     1     0     1     0     0     0
      0     0     0   127     0    21    52     0  2483    15     0     0
      0     6    15     1]
 [   37    27     8     1     0     0     5     2     0     2     5     0
      0     0     4    34     0     1    24     0  3774     1     0     0
      0     0     5     6]
 [   76    36    10     1     0     1     0    21     0     0     1     0
      1     0     0    65     0     3    47     0  4423     4     0     0
      0     0     4     4]
 [   37     3     7     0     1     3     0     0    36     0     0     0
      0     0     0    52     0    11    53     0  1509    10     0     0
      0     0     0     0]
 [   64    23    13     3     0     2     0     0     0     8     2     7
      1     0     3    20     0     4    34     0  3519     3     0     0
      0     7    37     2]
 [   88    33    29     7     4     1     1     0     1     2    36    12
      1     1     6    46     0     2    46     0  5786     3     0     0
      0     0    18     0]
 [   26    19    35     6     0     0     0     0     0     2     0   100
      1     0    23     3     0     0    16     0  2043     0     0     0
      0     3    15     0]
 [    9    10     5     2     0     0     0     0     0     1     2     3
     11     0     4     3     0     0    10     0  1050     0     0     0
      0     5     8     0]
 [  175    17     5     0     0     2     0     3     1     0     0     0
      0    45     2    63     0    54    67     0  1959     5     0     0
      0     0     4     1]
 [   21     7     2     1     0     1     0     0     0     0     0    14
      0     0   104     1     0     1    12     1  1235     0     0     0
      0     0    10     0]
 [  301    19    15     2     3     4     0     1     1     0     0     1
      0     6     0  1856     0    39    83     0  3276    19     0     0
      0     8     9     1]
 [    4     1     0     0     0     0     0     0     0     1     0     0
      0     0     2     5     3     0     4     0   237     0     0     0
      0     6    11     0]
 [  250   112     4     0     0    12     0     0     0     1     0     0
      0    21     2   148     0   155   218     0  2566    10     0     0
      0     0    10     0]
 [  255    26     4     0     0     1     0     0     0     0     0     0
      0     4     0    38     0    20  1421     0  2184     3     0     0
      0     1     4     0]
 [    4     2     0     1     0     0     0     0     0     0     0     2
      0     0     4     4     0     0     2     9   606     0     0     0
      0     0    10     0]
 [  995   196   169     6     1    33     1    14     5     9    31    26
      1    13    23   434     0    64   545     2 41571    23     2     0
      0    18   107     8]
 [  134     9     0     0     1     3     0     0     9     0     0     0
      0     1     2   139     0    20    60     0  3115   118     0     0
      0     1     6     0]
 [   72     2     1     0     0     1     0     0     0     0     0     0
      0     0     0    20     0     1     7     0   439     0     0     0
      0     1     2     0]
 [   58    11     1     1     0     1     0     0     0     0     4     2
      0     2     1    28     0     1    44     0  3625     0     0     0
      0     2     3     0]
 [   22     3     2     1     0     3     0     0     0     0     0     0
      0     0     0    23     0     5     9     0   558     1     0     0
      0     0     7     0]
 [   14     9     3     1     0     1     0     0     1     1     1     1
      0     0     0    39     0     0     7     0  1007     1     0     0
      0    73    41     0]
 [   39    14    11     0     0     8     1     0     0     6     2     3
      0     0    11    29     7     7    48     0  2565     3     0     0
      0    39   231     0]
 [   94    18    22     0     0     1     0     5     0     2     0     6
      1     6     6    20     0     2    21     0  2569     0     0     0
      0     0    10     3]]

Classification Report:
                precision    recall  f1-score   support

    admiration       0.43      0.31      0.36      8397
     amusement       0.47      0.14      0.22      4868
         anger       0.38      0.07      0.12      4177
     annoyance       0.27      0.00      0.01      6721
      approval       0.55      0.00      0.00      9057
        caring       0.37      0.02      0.04      2849
     confusion       0.56      0.00      0.00      3936
     curiosity       0.41      0.00      0.01      4697
        desire       0.64      0.02      0.04      1722
disappointment       0.21      0.00      0.00      3752
   disapproval       0.37      0.01      0.01      6123
       disgust       0.50      0.04      0.08      2292
 embarrassment       0.58      0.01      0.02      1123
    excitement       0.38      0.02      0.04      2403
          fear       0.46      0.07      0.13      1410
     gratitude       0.50      0.33      0.40      5644
         grief       0.27      0.01      0.02       274
           joy       0.32      0.04      0.08      3509
          love       0.41      0.36      0.38      3961
   nervousness       0.75      0.01      0.03       644
       neutral       0.35      0.94      0.51     44297
      optimism       0.49      0.03      0.06      3618
         pride       0.00      0.00      0.00       546
   realization       1.00      0.00      0.00      3784
        relief       1.00      0.00      0.00       634
       remorse       0.41      0.06      0.11      1200
       sadness       0.36      0.08      0.13      3024
      surprise       0.10      0.00      0.00      2786

      accuracy                           0.36    137448
     macro avg       0.45      0.09      0.10    137448
  weighted avg       0.41      0.36      0.24    137448


Perceptron - classifying Sentiments: 

Params: MLPClassifier(max_iter=50) 

Score 0.4795777312147139

Confusion Matrix:
[[  393  3115  7623  4072]
 [  106 13127 11226  6281]
 [  272  7579 24436 12010]
 [  144  5521 13582 27961]]

Classification Report:
              precision    recall  f1-score   support

   ambiguous       0.43      0.03      0.05     15203
    negative       0.45      0.43      0.44     30740
     neutral       0.43      0.55      0.48     44297
    positive       0.56      0.59      0.57     47208

    accuracy                           0.48    137448
   macro avg       0.47      0.40      0.39    137448
weighted avg       0.48      0.48      0.46    137448


GridSearch_MLP - classifying Emotions: 

Params: GridSearchCV(estimator=MLPClassifier(), n_jobs=-1,
             param_grid={'activation': ['softmax', 'tanh', 'relu', 'identity'],
                         'hidden_layer_sizes': [(50, 50, 50), (20, 40, 60)],
                         'max_iter': [50, 75], 'solver': ['adam', 'sgd']}) 

Score 0.3645014841976602

Confusion Matrix:
[[ 2468    48    17     3     0     4     0     2     1     0     1     6
      0    13     6   213     0    13   337     0  5196    50     0     0
      0     1    15     3]
 [  159   826    34    14     0     1     0     2     0     1     0     2
      0     4     4    46     1    10    64     0  3675     3     0     0
      0     3    19     0]
 [   32    32   325    29     0     1     0     0     0     0     0    13
      0     2     9    15     0     0    27     0  3664     0     0     0
      0     2    26     0]
 [   45    62   138    36     0     6     0     0     0     1     5    10
      1     1    13    33     0     1    52     0  6268     4     0     0
      0     5    40     0]
 [  295    52    13     3    14     9     0     3     3     0     0     1
      0     6     3   115     0     4   132     0  8343    22     0     0
      0     8    31     0]
 [   69    10     1     0     0    72     1     0     4     0     0     0
      0     2     0   110     0    14    40     0  2440    43     0     0
      0     6    37     0]
 [   35    30    14     2     0     1    23     2     1     0     2     0
      0     0     4    31     0     1    14     0  3760     6     0     0
      0     2     8     0]
 [   45    34    16     1     0     3     4    33     0     0     0     1
      0     3     1    52     0     0    28     0  4456     8     0     0
      0     2     9     1]
 [   41     8     0     0     0     9     0     0    45     0     0     0
      0     0     0    33     0     2    42     0  1489    44     0     0
      0     6     3     0]
 [   41    28    15     9     0     3     0     1     0     3     0    12
      0     0     6    22     0     0    24     0  3484    11     0     0
      0    13    79     1]
 [   48    40    39     5     0     4     1     0     1     0    13    10
      0     1     8    32     0     1    35     0  5850     5     0     0
      0     6    22     2]
 [   15    18    49    20     0     1     0     0     0     4     0   101
      0     0    21     5     0     0    15     0  2014     2     0     0
      0     1    26     0]
 [    8    10     8     2     0     1     0     0     0     2     0     6
      4     0     2     4     0     1     7     0  1050     1     0     0
      0    11     6     0]
 [  168    17     6     0     0     4     0     4     1     0     0     0
      0    84     3    45     0    31    54     0  1954    26     0     0
      0     0     5     1]
 [   14    14     5     2     0     0     0     0     0     0     0    12
      0     0   133     2     0     0     7     0  1194     4     0     0
      0     3    20     0]
 [  296    31    11     2     0    24     0     0     5     0     0     0
      0    20     1  1894     0    20    75     0  3176    56     0     0
      0    13    18     2]
 [    4     0     2     0     0     0     0     0     0     1     0     0
      0     0     0     3     3     0     3     0   232     0     0     0
      0     8    18     0]
 [  234   146     8     0     0    23     0     1     2     0     0     0
      0    37     2   139     1    90   205     0  2573    31     0     0
      0     0    13     4]
 [  229    29     5     1     0     9     0     0     0     0     0     0
      0     1     0    50     0    12  1440     0  2168     9     0     0
      0     1     7     0]
 [    3     1     3     0     0     0     0     0     0     0     0     2
      0     1     2     1     0     0     2     0   615     0     0     0
      0     0    14     0]
 [  754   259   189    22     0    52     1     4     9     2     6    28
      0    19    43   330     1    24   489     0 41818    66     0     0
      0    16   160     5]
 [  151    20     3     0     0    21     0     1    11     1     0     1
      0     7     1    91     0     9    44     0  3015   232     0     0
      0     0    10     0]
 [   74     4     1     0     0     2     0     0     0     0     0     0
      0     0     0    17     0     2     3     0   438     0     0     0
      0     0     4     1]
 [   39    18     3     1     0     2     0     0     0     0     2     2
      0     2     9    22     1     1    27     0  3630     2     0     0
      0     3    20     0]
 [   22     4     3     0     0     5     0     0     0     0     0     0
      0     0     0    25     0     4     5     0   551     3     0     0
      0     0    12     0]
 [   13     6     3     3     0     7     0     0     1     0     1     0
      0     0     6    31     0     0     2     0   946     3     0     0
      0   108    69     1]
 [   27    10     9     4     0     5     1     0     1     5     1     6
      0     0    11    24     3     4    28     0  2499     8     0     0
      0    57   320     1]
 [   69    25    19     3     0     0     2     4     0     0     2     2
      0    12    10    15     0     7    14     0  2568     8     0     0
      0     1    10    15]]

Classification Report:
                precision    recall  f1-score   support

    admiration       0.46      0.29      0.36      8397
     amusement       0.46      0.17      0.25      4868
         anger       0.35      0.08      0.13      4177
     annoyance       0.22      0.01      0.01      6721
      approval       1.00      0.00      0.00      9057
        caring       0.27      0.03      0.05      2849
     confusion       0.70      0.01      0.01      3936
     curiosity       0.58      0.01      0.01      4697
        desire       0.53      0.03      0.05      1722
disappointment       0.15      0.00      0.00      3752
   disapproval       0.39      0.00      0.00      6123
       disgust       0.47      0.04      0.08      2292
 embarrassment       0.80      0.00      0.01      1123
    excitement       0.39      0.03      0.06      2403
          fear       0.45      0.09      0.16      1410
     gratitude       0.56      0.34      0.42      5644
         grief       0.30      0.01      0.02       274
           joy       0.36      0.03      0.05      3509
          love       0.45      0.36      0.40      3961
   nervousness       1.00      0.00      0.00       644
       neutral       0.35      0.94      0.51     44297
      optimism       0.36      0.06      0.11      3618
         pride       1.00      0.00      0.00       546
   realization       1.00      0.00      0.00      3784
        relief       1.00      0.00      0.00       634
       remorse       0.39      0.09      0.15      1200
       sadness       0.31      0.11      0.16      3024
      surprise       0.41      0.01      0.01      2786

      accuracy                           0.36    137448
     macro avg       0.52      0.10      0.11    137448
  weighted avg       0.46      0.36      0.24    137448

Best parameters: {'activation': 'relu', 'hidden_layer_sizes': (50, 50, 50), 'max_iter': 75, 'solver': 'adam'}
Best score: 0.35884117408992766


GridSearch_MLP - classifying Sentiments: 

Params: GridSearchCV(estimator=MLPClassifier(), n_jobs=-1,
             param_grid={'activation': ['softmax', 'tanh', 'relu', 'identity'],
                         'hidden_layer_sizes': [(50, 50, 50), (20, 40, 60)],
                         'max_iter': [50, 75], 'solver': ['adam', 'sgd']}) 

Score 0.49099295733659276

Confusion Matrix:
[[ 1086  2375  8152  3590]
 [  514 12435 12092  5699]
 [  759  6428 25485 11625]
 [  595  4428 13705 28480]]

Classification Report:
              precision    recall  f1-score   support

   ambiguous       0.37      0.07      0.12     15203
    negative       0.48      0.40      0.44     30740
     neutral       0.43      0.58      0.49     44297
    positive       0.58      0.60      0.59     47208

    accuracy                           0.49    137448
   macro avg       0.46      0.41      0.41    137448
weighted avg       0.49      0.49      0.47    137448

Best parameters: {'activation': 'relu', 'hidden_layer_sizes': (50, 50, 50), 'max_iter': 75, 'solver': 'adam'}
Best score: 0.46419738198530186


Perceptron - classifying Emotions: 

Params: MLPClassifier(max_iter=50) 

Score 0.3603471858448286

Confusion Matrix:
[[ 2540    28    10     6     1     4     0     0     0     0     3     6
      1     8     2   227     0    26   164     0  5339    25     0     0
      0     0     8     1]
 [  179   700    17    14     0     3     0     0     0     1     2     5
      1     0     3    43     0    24    37     0  3839     0     0     0
      0     0    12     1]
 [   32    17   229    28     0     2     0     0     0     0     7    18
      0     0     5    27     1     0    13     0  3717     0     0     0
      0     1    15     2]
 [   60    44    93    51     1     4     1     0     0     5    11    16
      2     0     9    40     0     7    27     1  6268     2     0     0
      0     2    27     0]
 [  328    39    10     5    18     7     1     1     2     1    10     3
      0     4     3   118     2    12    65     0  8330    16     0     0
      0     5    25     0]
 [   65     0     0     3     0    66     0     1     2     0     1     0
      0     1     0   127     0     9    26     0  2440    20     0     0
      0    10    16     1]
 [   25    17     6     2     0     1    13     1     0     1     9     2
      1     0     1    33     0     4    17     0  3789     3     0     0
      0     0    10     0]
 [   66    26     9     5     0     4     3    16     0     0     3     0
      4     2     1    63     2     4    20     0  4505     3     0     0
      0     1     9     0]
 [   33     2     2     0     0     2     0     0    22     0     0     1
      0     0     1    41     0     2    14     0  1578    33     0     0
      0     3     2     0]
 [   52    16    12     9     0     2     0     0     0    15     6    16
      1     0     6    16     0     1    14     0  3547     6     0     0
      0     6    38     2]
 [   61    31    28    16     3     3     1     0     0     3    34    18
      1     1     5    36     0     6    25     0  5849     4     0     0
      0     4    16     2]
 [   26    12    37     7     0     1     0     0     0     3     1   115
      2     0    25     4     0     0     8     0  2062     1     0     0
      0     2    18     0]
 [    6     7     3     3     0     0     0     0     0     4     0     4
     12     0     2     6     0     0     6     0  1089     0     0     0
      0     8     9     0]
 [  172    16     5     0     0     2     0     1     0     0     0     0
      0    27     0    64     0    69    33     0  2015    12     0     0
      0     0     4     2]
 [   16     7     2     1     0     1     0     0     0     1     0    15
      0     0   108     5     0     0     6     0  1238     3     0     0
      0     0    17     0]
 [  287    17    11     7     2    10     0     1     1     0     0     2
      0     3     1  1854     0    36    31     0  3373    41     0     0
      0    10    16     0]
 [    2     0     1     0     0     0     0     0     0     0     0     0
      0     0     1     4     9     0     4     0   237     0     0     0
      0     6    14     0]
 [  245   111     3     2     3    10     0     0     0     0     0     1
      0     5     2   124     1   146   115     0  2670    14     0     0
      0     0     7     0]
 [  271    28     3     0     0     3     0     0     2     0     2     1
      0     2     0    45     0    14  1069     0  2522     6     0     0
      0     1     3     3]
 [    2     1     0     1     0     0     0     0     0     0     0     3
      0     0     1     3     0     0     0     6   601     0     0     0
      0     0    12     0]
 [  869   203   117    24     5    33    10     6     5     8    55    31
      2    11    17   407     2    47   235     3 41972    39     2     0
      0    17   148     3]
 [  147     6     0     0     0    11     0     0     3     0     2     0
      0     0     2   130     0    15    24     0  3134   145     0     0
      0     2     7     0]
 [   63     1     1     0     0     1     0     0     0     0     0     0
      0     0     0    15     0     4     4     0   471     1     1     0
      0     1     1     0]
 [   54     9     2     2     0     2     0     0     0     0     5     2
      0     2     3    21     0     0    11     0  3692     0     0     0
      0     4    10     0]
 [   22     2     1     1     0     1     0     0     0     0     0     0
      0     0     0    21     0     3     0     0   570     1     0     0
      0     0     9     0]
 [    9    11     2     6     0     1     0     0     1     0     1     1
      0     0     3    30     0     0     2     0   994     6     0     0
      0    98    53     0]
 [   30     8     6     3     1     5     0     0     0     9     3     7
      1     0     8    24     6     7    18     1  2567     8     0     0
      0    43   258     0]
 [   86     7    22     2     0     1     1     0     0     0     5     6
      1     3     7    25     0     6     7     1  2546     4     0     0
      0     0    12     5]]

Classification Report:
                precision    recall  f1-score   support

    admiration       0.44      0.30      0.36      8399
     amusement       0.51      0.14      0.22      4881
         anger       0.36      0.06      0.10      4114
     annoyance       0.26      0.01      0.01      6671
      approval       0.53      0.00      0.00      9005
        caring       0.37      0.02      0.04      2788
     confusion       0.43      0.00      0.01      3935
     curiosity       0.59      0.00      0.01      4746
        desire       0.58      0.01      0.02      1736
disappointment       0.29      0.00      0.01      3765
   disapproval       0.21      0.01      0.01      6147
       disgust       0.42      0.05      0.09      2324
 embarrassment       0.41      0.01      0.02      1159
    excitement       0.39      0.01      0.02      2422
          fear       0.50      0.08      0.13      1420
     gratitude       0.52      0.33      0.40      5703
         grief       0.39      0.03      0.06       278
           joy       0.33      0.04      0.07      3459
          love       0.54      0.27      0.36      3975
   nervousness       0.50      0.01      0.02       630
       neutral       0.35      0.95      0.51     44271
      optimism       0.37      0.04      0.07      3628
         pride       0.33      0.00      0.00       564
   realization       1.00      0.00      0.00      3819
        relief       1.00      0.00      0.00       631
       remorse       0.44      0.08      0.14      1218
       sadness       0.33      0.09      0.14      3013
      surprise       0.23      0.00      0.00      2747

      accuracy                           0.36    137448
     macro avg       0.45      0.09      0.10    137448
  weighted avg       0.41      0.36      0.24    137448


Perceptron - classifying Sentiments: 

Params: MLPClassifier(max_iter=50) 

Score 0.47913392701239743

Confusion Matrix:
[[  685  3217  7830  3515]
 [  228 13651 11581  5279]
 [  437  8152 25083 10599]
 [  287  5884 14583 26437]]

Classification Report:
              precision    recall  f1-score   support

   ambiguous       0.42      0.04      0.08     15247
    negative       0.44      0.44      0.44     30739
     neutral       0.42      0.57      0.49     44271
    positive       0.58      0.56      0.57     47191

    accuracy                           0.48    137448
   macro avg       0.47      0.40      0.39    137448
weighted avg       0.48      0.48      0.46    137448


GridSearch_MLP - classifying Emotions: 

Params: GridSearchCV(estimator=MLPClassifier(),
             param_grid={'activation': ['logistic', 'tanh', 'relu', 'identity'],
                         'hidden_layer_sizes': [(50, 50, 50), (20, 40, 60)],
                         'max_iter': [50], 'solver': ['adam', 'sgd']}) 

Score 0.3645233106338397

Confusion Matrix:
[[ 2435    90    17     5     1     1     0     0     0     0     0     9
      0    18     6   279     0    55   288     0  5150    24     0     0
      0     0    19     2]
 [  130  1017    31    33     0     1     1     0     0     0     0     5
      0     4     5    34     0    44    73     0  3488     2     0     0
      0     1    11     1]
 [   30    40   364    61     0     2     1     0     0     2     2    21
      0     0     3    24     0     2    23     0  3509     0     0     0
      0     4    26     0]
 [   70    95   181    84     0     3     1     0     0     3    10    20
      2     2     9    22     0    10    70     0  6032     3     0     0
      0    10    44     0]
 [  309    92    19    15     8     8     0     1     2     0     6     7
      0     4     4   120     0    26   118     0  8218     8     0     0
      0     7    33     0]
 [   57    11     2     3     0    59     0     0     1     0     0     0
      0     3     0   134     0    27    51     0  2386    10     0     0
      0    10    33     1]
 [   25    38    13     2     0     1    13     2     1     0     1     2
      1     1     2    30     0     7    23     0  3746     3     0     0
      0     2    12    10]
 [   53    43    21     8     0     5     4    20     0     0     0     2
      4     4     1    40     0     7    43     0  4465     3     0     0
      0     1    18     4]
 [   37    10     4     2     0     6     0     0    35     0     0     1
      0     0     0    40     0    14    46     0  1510    23     0     0
      0     4     4     0]
 [   48    33    26    23     0     0     0     0     0     3     2    19
      1     0    16    22     0     7    24     0  3466     6     0     0
      0     7    58     4]
 [   51    55    42    19     0     1     5     0     0     0    21    14
      2     1     7    34     0     8    49     0  5797     4     0     0
      0    11    23     3]
 [   17    40    53    30     0     0     0     0     0     1     1   103
      2     0    26     5     0     0    20     0  1999     2     0     0
      0     1    24     0]
 [    5    24     7    11     0     0     0     0     0     1     1     4
     14     0     2     7     0     0    17     0  1042     0     0     0
      0    12    10     2]
 [  173    32     8     3     0     3     0     3     0     0     0     0
      0    64     1    64     0    59    51     0  1939    13     0     0
      0     0     4     5]
 [   18    22     3     3     0     0     0     0     0     0     0    28
      0     0   113     0     0     2    13     1  1186     4     0     0
      0     0    26     1]
 [  272    49    19     8     0    10     0     0     0     0     0     2
      0    13     1  2048     0    47    62     0  3096    28     0     0
      0    18    29     1]
 [    1     2     2     0     0     0     0     0     0     0     0     0
      0     0     0     4     2     2     1     0   240     0     0     0
      0     7    17     0]
 [  216   173     6     0     2    12     0     0     0     0     0     4
      0    30     4   135     0   192   195     0  2462    14     0     0
      0     0    14     0]
 [  225    54     7     7     0     2     0     0     0     0     2     2
      0     0     1    56     0    33  1411     0  2157     6     0     0
      0     2    10     0]
 [    0     6     4     1     0     0     0     0     0     1     0     6
      0     0     3     3     0     0     2     8   583     1     0     0
      0     0    11     1]
 [  769   388   210    75     0    29    10     3     3     0    19    40
      0    19    26   406     1    95   454     1 41510    37     0     0
      0    23   146     7]
 [  152    24     1     6     0    10     0     0    10     0     1     1
      0     7     4   168     0    32    56     0  3000   140     0     0
      0     2    13     1]
 [   66     4     1     0     0     1     0     0     0     0     0     0
      0     0     0    14     0     4     4     0   467     1     0     0
      0     0     2     0]
 [   51    24     7     9     0     1     1     0     0     0     0     2
      0     2     3    27     0     6    25     0  3637     0     0     0
      0     4    18     2]
 [   15     6     1     0     0     3     0     0     0     0     0     0
      0     0     0    21     0    11     8     0   557     1     0     0
      0     1     7     0]
 [    6    14     3    15     0     2     0     0     1     0     1     0
      0     0     1    30     0     1     6     0   929     6     0     0
      0   119    83     1]
 [   28    26    20    16     0     1     0     0     0     0     1    10
      1     2    14    26     0     7    28     0  2475     9     0     0
      0    52   297     0]
 [   64    32    19     6     0     1     1     0     0     0     0     8
      0    15     6    22     0     9    14     0  2510     3     0     0
      0     1    13    23]]

Classification Report:
                precision    recall  f1-score   support

    admiration       0.46      0.29      0.35      8399
     amusement       0.42      0.21      0.28      4881
         anger       0.33      0.09      0.14      4114
     annoyance       0.19      0.01      0.02      6671
      approval       0.73      0.00      0.00      9005
        caring       0.36      0.02      0.04      2788
     confusion       0.35      0.00      0.01      3935
     curiosity       0.69      0.00      0.01      4746
        desire       0.66      0.02      0.04      1736
disappointment       0.27      0.00      0.00      3765
   disapproval       0.31      0.00      0.01      6147
       disgust       0.33      0.04      0.08      2324
 embarrassment       0.52      0.01      0.02      1159
    excitement       0.34      0.03      0.05      2422
          fear       0.44      0.08      0.13      1420
     gratitude       0.54      0.36      0.43      5703
         grief       0.67      0.01      0.01       278
           joy       0.27      0.06      0.09      3459
          love       0.44      0.35      0.39      3975
   nervousness       0.80      0.01      0.03       630
       neutral       0.35      0.94      0.51     44271
      optimism       0.40      0.04      0.07      3628
         pride       1.00      0.00      0.00       564
   realization       1.00      0.00      0.00      3819
        relief       1.00      0.00      0.00       631
       remorse       0.40      0.10      0.16      1218
       sadness       0.30      0.10      0.15      3013
      surprise       0.33      0.01      0.02      2747

      accuracy                           0.36    137448
     macro avg       0.50      0.10      0.11    137448
  weighted avg       0.43      0.36      0.25    137448

Best parameters: {'activation': 'relu', 'hidden_layer_sizes': (50, 50, 50), 'max_iter': 50, 'solver': 'adam'}
Best score: 0.35674581800708643


GridSearch_MLP - classifying Sentiments: 

Params: GridSearchCV(estimator=MLPClassifier(),
             param_grid={'activation': ['logistic', 'tanh', 'relu', 'identity'],
                         'hidden_layer_sizes': [(50, 50, 50), (20, 40, 60)],
                         'max_iter': [50], 'solver': ['adam', 'sgd']}) 

Score 0.4874425237180606

Confusion Matrix:
[[  714  3913  7340  3280]
 [  226 15597 10112  4804]
 [  354  9728 24005 10184]
 [  287  7217 13005 26682]]

Classification Report:
              precision    recall  f1-score   support

   ambiguous       0.45      0.05      0.08     15247
    negative       0.43      0.51      0.46     30739
     neutral       0.44      0.54      0.49     44271
    positive       0.59      0.57      0.58     47191

    accuracy                           0.49    137448
   macro avg       0.48      0.42      0.40    137448
weighted avg       0.49      0.49      0.47    137448

Best parameters: {'activation': 'relu', 'hidden_layer_sizes': (50, 50, 50), 'max_iter': 50, 'solver': 'adam'}
Best score: 0.46745681704673664

