
Perceptron - classifying Emotions: 

Params: MLPClassifier(max_iter=50) 

Score 0.3498995983935743

Confusion Matrix:
[[ 2542    55     8     0     0     7     0     0     0     0     0     4
      0     3     3   276     0    13   159     0  5369     9     0     0
      0     0     4     1]
 [  221   350    10     1     0     0     0     0     0     0     0     1
      0     0     6    66     0     4    29     0  4182     2     0     0
      0     0    17     0]
 [   36    28   166     7     0     2     0     0     0     1     0     9
      0     1    12    25     0     0    23     0  3789     0     0     0
      0     0     3     0]
 [   78    34    56    21     0     3     0     0     0     2     1    12
      1     1     6    44     1     0    30     1  6381     1     0     0
      0     0     9     0]
 [  442    42     6     2    26     8     0     0     0     0     1     2
      1     0     5   184     0     3    75     0  8277     6     0     0
      0     0     4     0]
 [   74     1     3     0     0    48     0     0     1     0     0     0
      0     0     1   173     0     7    16     0  2424    18     0     0
      0     5     0     0]
 [   55    22     3     3     0     0     0     1     0     0     0     0
      0     1     5    41     0     3     9     0  3796     0     0     0
      0     0     2     3]
 [   98    17     4     2     0     1     0     3     0     0     0     0
      0     4     0    85     0     0    27     0  4472     0     0     0
      0     0     2     0]
 [   49     2     0     0     0     1     0     0    26     0     0     0
      0     0     0    45     0     0    24     0  1594     2     0     0
      0     0     0     0]
 [   79    14     8     0     0     3     0     0     0     7     0     4
      0     0     6    28     0     1    19     1  3567     3     0     0
      0     0    14     0]
 [   95    22    17    10     0     0     0     0     0     2     4     3
      1     2     2    42     1     0    17     0  5903     0     0     0
      0     0     2     1]
 [   39    14    30     3     0     0     0     0     0     0     0    75
      0     0    11     4     0     0    10     0  2109     0     0     0
      0     0     8     0]
 [   22    20     4     8     0     0     0     0     0     0     0     0
      0     0     0     5     0     0     5     0  1077     0     0     0
      0     0     1     0]
 [  245    14     5     0     0     0     0     0     0     0     0     0
      0    40     1    89     0    39    37     0  1974     2     0     0
      0     0     2     0]
 [   24    20     4     2     0     1     0     0     0     1     0    13
      1     0    72     2     0     0     4     1  1277     0     0     0
      0     0     3     0]
 [  283    14     7     0     0    12     0     0     0     0     2     0
      0     6     0  1858     0    17    33     0  3455    11     0     0
      0     5     2     1]
 [    4     4     0     0     0     0     0     0     0     0     0     0
      0     0     2    11     0     0     1     0   249     1     0     0
      0     1     3     0]
 [  328    62     1     0     0     2     0     0     0     0     0     0
      0    24     0   241     0    55    96     0  2604     4     0     0
      0     0     5     1]
 [  332     9     3     0     0     6     0     0     0     0     0     0
      0     3     1   156     0     5   847     0  2602     2     0     0
      0     1     4     0]
 [   10     3     3     0     0     1     0     0     0     1     0     2
      0     0     4     4     0     0     1     6   604     0     0     0
      0     0     1     0]
 [ 1153   172    85    11     1    24     0     3     1     3     7    22
      1    13    28   626     0    22   215     1 41783     8     0     0
      0     5    29     5]
 [  137     3     0     1     0     3     0     0     2     0     0     0
      1     0     0   203     0     6    13     0  3167    37     0     0
      0     0     1     0]
 [   54     1     1     0     0     0     0     0     0     0     0     0
      0     0     0    18     0     0     8     0   474     1     0     0
      0     0     0     0]
 [   65    14     0     0     0     0     0     0     0     0     3     1
      0     0     2    31     0     2     6     0  3685     0     0     0
      0     1     4     0]
 [   21     2     1     0     0     1     0     0     0     0     0     0
      0     0     0    22     0     0     2     0   569     0     0     0
      0     0     0     0]
 [   13    13     1     0     0     0     0     0     0     0     0     0
      0     0     0    67     0     0     7     0  1069     1     0     0
      0    40     5     0]
 [   76    33     4     2     0     2     0     0     1     0     0     3
      0     0     8    51     0     6    40     0  2752     2     0     0
      0    22    85     1]
 [  105    17    13     0     0     0     0     0     0     0     0     4
      0     1     9    43     0     3    11     0  2555     0     0     0
      0     0     5     2]]

Classification Report:
                precision    recall  f1-score   support

    admiration       0.38      0.30      0.34      8453
     amusement       0.35      0.07      0.12      4889
         anger       0.37      0.04      0.07      4102
     annoyance       0.29      0.00      0.01      6682
      approval       0.96      0.00      0.01      9084
        caring       0.38      0.02      0.03      2771
     confusion       1.00      0.00      0.00      3944
     curiosity       0.43      0.00      0.00      4715
        desire       0.84      0.01      0.03      1743
disappointment       0.41      0.00      0.00      3754
   disapproval       0.22      0.00      0.00      6124
       disgust       0.48      0.03      0.06      2303
 embarrassment       0.00      0.00      0.00      1142
    excitement       0.40      0.02      0.03      2448
          fear       0.39      0.05      0.09      1425
     gratitude       0.42      0.33      0.37      5706
         grief       0.00      0.00      0.00       276
           joy       0.30      0.02      0.03      3423
          love       0.48      0.21      0.30      3971
   nervousness       0.60      0.01      0.02       640
       neutral       0.34      0.94      0.50     44218
      optimism       0.34      0.01      0.02      3574
         pride       1.00      0.00      0.00       557
   realization       1.00      0.00      0.00      3814
        relief       1.00      0.00      0.00       618
       remorse       0.50      0.03      0.06      1216
       sadness       0.40      0.03      0.05      3088
      surprise       0.13      0.00      0.00      2768

      accuracy                           0.35    137448
     macro avg       0.48      0.08      0.08    137448
  weighted avg       0.44      0.35      0.22    137448


Perceptron - classifying Sentiments: 

Params: MLPClassifier(max_iter=50) 

Score 0.4564417088644433

Confusion Matrix:
[[  138  3124  7232  4747]
 [   44 11625 11550  7533]
 [   85  7666 22967 13500]
 [   57  5691 13482 28007]]

Classification Report:
              precision    recall  f1-score   support

   ambiguous       0.43      0.01      0.02     15241
    negative       0.41      0.38      0.40     30752
     neutral       0.42      0.52      0.46     44218
    positive       0.52      0.59      0.55     47237

    accuracy                           0.46    137448
   macro avg       0.44      0.37      0.36    137448
weighted avg       0.45      0.46      0.43    137448


GridSearch_MLP - classifying Emotions: 

Params: GridSearchCV(estimator=MLPClassifier(),
             param_grid={'activation': ['logistic', 'tanh', 'relu', 'identity'],
                         'hidden_layer_sizes': [(50, 50, 50), (20, 40, 60)],
                         'max_iter': [50], 'solver': ['adam', 'sgd']}) 

Score 0.35262790291601187

Confusion Matrix:
[[ 2054    34     8     1     0     9     0     0     7     0     0     6
      0     5     9   155     0    32   195     0  5905    29     0     0
      0     0     4     0]
 [  139   368     7     1     0     1     0     0     0     0     0     1
      0     3     9    25     0     8    27     0  4279     8     0     0
      0     2    11     0]
 [   13    19   177     1     0     4     0     0     0     0     0     7
      0     0    12    15     0     1    12     0  3838     0     0     0
      0     0     3     0]
 [   35    47    64     0     0     4     0     0     2     2     2    12
      0     1    10    14     0     3    20     3  6448     5     0     0
      0     0    10     0]
 [  258    47     2     0    13     8     0     0     7     0     6     2
      0     6    12    69     0     8    56     0  8566    18     0     0
      0     0     6     0]
 [   50     3     4     0     0    55     0     0    10     0     0     0
      0     0     1    87     0    17    19     0  2459    53     0     0
      0     6     7     0]
 [   26    16     3     0     0     0     0     0     2     0     0     0
      0     4     9    26     0     2     8     0  3838     1     0     0
      0     3     3     3]
 [   51    16     8     0     0     0     2     0     3     2     0     0
      0     1     0    52     0     3    31     0  4538     2     0     0
      0     1     3     2]
 [   36     1     0     0     0     3     0     0    72     0     0     1
      0     1     1    12     0     6    18     0  1572    20     0     0
      0     0     0     0]
 [   48    14     8     0     0     3     0     0     3     3     5     8
      0     0     9    13     0     1    10     0  3598    10     0     0
      0     0    21     0]
 [   59    20    28     0     0     1     0     0     2     0    10     5
      0     1    14    12     0     2    11     0  5950     5     0     0
      0     1     2     1]
 [   17    19    24     0     0     0     0     0     1     0     0    89
      0     0    24     3     0     0     4     0  2120     1     0     0
      0     0     1     0]
 [   15    19     1     0     0     0     0     0     1     0     0     0
      0     0     5     2     0     0     3     0  1093     0     0     0
      0     0     3     0]
 [  180    14     5     0     0     1     1     0     5     0     0     0
      0    59     2    40     0    33    37     1  2054    13     0     0
      0     0     2     1]
 [    7    10     3     0     0     1     0     0     0     0     0     9
      0     0   103     0     0     0     3     3  1279     1     0     0
      0     0     6     0]
 [  218    12     7     0     0    16     0     0     7     0     0     0
      0    12     1  1593     0    43    44     0  3664    75     0     0
      0     5     9     0]
 [    4     3     0     0     0     1     0     0     1     0     0     0
      0     0     2     6     0     0     0     0   247     1     0     0
      0     0    11     0]
 [  251    53     1     0     0     6     0     0    18     0     0     1
      0    31     3    91     0   123   104     0  2707    22     0     0
      0     0    12     0]
 [  256    12     3     0     0     7     0     0     9     0     0     0
      0     1     1    49     0    32   886     0  2704     7     0     0
      0     1     3     0]
 [    6     1     1     0     0     0     0     0     0     0     1     2
      0     0     6     3     0     0     1     3   607     2     0     0
      0     1     6     0]
 [  680   153    83     4     0    37     0     0    28     3    15    25
      0    17    46   264     0    47   190     3 42531    56     0     0
      0     7    29     0]
 [   91     4     0     0     0    10     0     0    14     0     0     0
      0     2     1    67     0    12    14     0  3197   161     0     0
      0     0     1     0]
 [   58     2     1     0     0     0     0     0     0     0     0     0
      0     0     0     6     0     2     5     0   479     4     0     0
      0     0     0     0]
 [   41    14     1     0     0     1     0     0     1     0     5     2
      0     0     3     9     0     2     4     0  3726     1     0     0
      0     1     3     0]
 [   17     1     0     0     0     0     0     0     2     0     1     0
      0     0     0    11     0     1     3     0   575     5     0     0
      0     0     2     0]
 [   10    17     1     0     0     2     0     0     1     0     0     0
      0     0     0    36     0     0     6     0  1085     5     0     0
      0    32    21     0]
 [   30    22     6     0     0     2     0     0     2     1     1     3
      0     0    19    23     0     4    26     0  2793     8     0     0
      0    14   133     1]
 [   73    19     9     0     0     1     0     0     0     0     1     2
      0     8    19     9     0     6     6     1  2602     6     0     0
      0     0     3     3]]

Classification Report:
                precision    recall  f1-score   support

    admiration       0.43      0.24      0.31      8453
     amusement       0.38      0.08      0.13      4889
         anger       0.39      0.04      0.08      4102
     annoyance       0.00      0.00      0.00      6682
      approval       1.00      0.00      0.00      9084
        caring       0.32      0.02      0.04      2771
     confusion       0.00      0.00      0.00      3944
     curiosity       1.00      0.00      0.00      4715
        desire       0.36      0.04      0.07      1743
disappointment       0.27      0.00      0.00      3754
   disapproval       0.21      0.00      0.00      6124
       disgust       0.51      0.04      0.07      2303
 embarrassment       1.00      0.00      0.00      1142
    excitement       0.39      0.02      0.05      2448
          fear       0.32      0.07      0.12      1425
     gratitude       0.59      0.28      0.38      5706
         grief       1.00      0.00      0.00       276
           joy       0.32      0.04      0.06      3423
          love       0.51      0.22      0.31      3971
   nervousness       0.21      0.00      0.01       640
       neutral       0.34      0.96      0.50     44218
      optimism       0.31      0.05      0.08      3574
         pride       1.00      0.00      0.00       557
   realization       1.00      0.00      0.00      3814
        relief       1.00      0.00      0.00       618
       remorse       0.43      0.03      0.05      1216
       sadness       0.42      0.04      0.08      3088
      surprise       0.27      0.00      0.00      2768

      accuracy                           0.35    137448
     macro avg       0.50      0.08      0.08    137448
  weighted avg       0.43      0.35      0.22    137448

Best parameters: {'activation': 'relu', 'hidden_layer_sizes': (50, 50, 50), 'max_iter': 50, 'solver': 'adam'}
Best score: 0.3493757554610852


GridSearch_MLP - classifying Sentiments: 

Params: GridSearchCV(estimator=MLPClassifier(),
             param_grid={'activation': ['logistic', 'tanh', 'relu', 'identity'],
                         'hidden_layer_sizes': [(50, 50, 50), (20, 40, 60)],
                         'max_iter': [50], 'solver': ['adam', 'sgd']}) 

Score 0.4628586811012165

Confusion Matrix:
[[  449  2030  8783  3979]
 [  168  9357 14464  6763]
 [  306  5442 27216 11254]
 [  214  3980 16446 26597]]

Classification Report:
              precision    recall  f1-score   support

   ambiguous       0.39      0.03      0.05     15241
    negative       0.45      0.30      0.36     30752
     neutral       0.41      0.62      0.49     44218
    positive       0.55      0.56      0.56     47237

    accuracy                           0.46    137448
   macro avg       0.45      0.38      0.37    137448
weighted avg       0.46      0.46      0.44    137448

Best parameters: {'activation': 'relu', 'hidden_layer_sizes': (50, 50, 50), 'max_iter': 50, 'solver': 'adam'}
Best score: 0.4501338776854702

