Vocabulary size: 30449

Naive Bayes Classifier - classifying Emotions: 

Params: MultinomialNB() 

Score 0.44723402397858225

Confusion Matrix:
[[ 4510    45    10    15   100    12     3    20     0     5    19     2
      0     5     0   165     0    50   142     0  3297    31     0     5
      0     0     5    30]
 [  165  1852    14    42    29     1     3     5     1     2    16     2
      0     6     0    33     0    36    18     0  2627     9     0     5
      0     0     2    19]
 [   41    28   819   189    40     8     6    22     1    12    51    17
      0     3     1    18     0     3     8     0  2860     6     0     5
      0     1     7     5]
 [   89    68   137  1031    85    15     9    30     1    14   108    26
      2     6     2    50     0     6    13     0  4949    12     0     8
      0     2    18    19]
 [  353    72    14    62  1608    25    16    25     4     9   106     6
      0     8     4    51     0    19    51     0  6460    46     0    23
      0     1    11     8]
 [   53     8     4    14    36   326     6     4     1     8    17     1
      0     1     0    64     0    19    13     0  2191    50     0     2
      0     2    11     2]
 [   41    20     8    26    46     2   458    98     0     5    37     1
      0     1     0    14     0     3     3     0  3182     8     0    10
      0     0     1     8]
 [   59    19     8    26    53     7    40   826     4     3    28     0
      0     6     0    20     0     2     7     0  3569     5     0     7
      0     1     3    10]
 [   42    10     4    11    37     6     3     2   109     3    11     1
      0     2     0    15     0     8    15     0  1375    65     0     0
      0     0     0     2]
 [   58    17    15    74    55     6    12     6     2   350    48    10
      0     2     1    14     0     6    14     1  3010    13     0    13
      0     2    28     9]
 [   65    40    35   107   106    10    23    13     0    15  1023    10
      4     2     3    24     0     7    11     0  4614    15     0    10
      0     0    17     7]
 [   36    11    69   105    39     0     8     5     2    10    37   293
      1     0     3     7     0     2     7     0  1667     4     0     2
      0     2     5     3]
 [   25    12    10    45    20     2     6     2     0     8    23    11
     33     1     0     7     0     2     3     0   890     6     0     9
      0     1     6     2]
 [  255    27    14    12    54     3     3    22     2     4    10     2
      0   186     1    39     0   144    31     0  1551    19     0     7
      0     0     1    38]
 [   34    10     3    16    21     7     5     2     0     9    16     8
      0     1    92     3     0     3     2     0  1134     7     0    10
      0     0     8     7]
 [  277    24     0     9    26    17     2     4     1     1    12     0
      0     2     0  4034     0    59    13     0  1065    37     0     5
      0     6     1     0]
 [    5     2     2     5     4     1     1     1     0     1     0     0
      0     0     0     6     0     1     0     0   230     1     0     0
      0     0    19     0]
 [  261   209     6    11    51     9     3     1     0     2    10     0
      0     6     0    99     0   614   107     0  2066    20     0     7
      0     0     1     6]
 [  268    21     3     6    24     2     0     5     0     1     5     0
      0     0     0    20     0    20  1692     0  1874     3     0     2
      0     0     3     4]
 [    6     3     2    10    21     4     3     5     1     9     7     1
      0     1     4     3     0     1     0     3   566     3     0     2
      0     0     3     2]
 [  939   335   254   319   547   120   125   220    31    83   412    79
      4    69    21   241     2   144   205     0 39657   143     5   121
      1     8    70    86]
 [  134    14     4    12    71    27     5     5     8     2    25     1
      0     2     0    48     0    20    10     0  2506   753     0     3
      0     0     1     2]
 [   98     2     1     5    19     0     0     3     0     0     5     0
      1     2     0    11     0     8     0     0   375     5     0     2
      0     0     0     0]
 [   61    23    11    39    86     8     9    13     1    14    45     2
      0     1     0    17     0    12    14     0  3086     8     0   304
      0     2     4    16]
 [   35     3     3     5    14     6     1     0     0     4     3     0
      0     1     0    38     0    13     1     0   498     3     0     1
      0     0     1     1]
 [    5     5     1    17    19     7     6     1     1     3    12     2
      1     0     1    66     0     0     6     0   912     2     0     7
      0   103    47     0]
 [   23    22     8    45    31    12     5     4     3    36    36     9
      1     2     0    31     0     8     6     0  2303     8     0     5
      0    17   425     4]
 [  145    19    25    42    27     2    10    41     0     5    20     3
      0     7     1    20     0    10     5     0  1988     2     0    14
      0     0     2   374]]

Classification Report:
                precision    recall  f1-score   support

    admiration       0.56      0.53      0.54      8471
     amusement       0.63      0.38      0.47      4887
         anger       0.55      0.20      0.29      4151
     annoyance       0.45      0.15      0.23      6700
      approval       0.49      0.18      0.26      8982
        caring       0.51      0.12      0.19      2833
     confusion       0.59      0.12      0.19      3972
     curiosity       0.60      0.18      0.27      4703
        desire       0.63      0.06      0.12      1721
disappointment       0.57      0.09      0.16      3766
   disapproval       0.48      0.17      0.25      6161
       disgust       0.60      0.13      0.21      2318
 embarrassment       0.70      0.03      0.06      1124
    excitement       0.58      0.08      0.14      2425
          fear       0.69      0.07      0.12      1398
     gratitude       0.78      0.72      0.75      5595
         grief       0.00      0.00      0.00       279
           joy       0.50      0.18      0.26      3489
          love       0.71      0.43      0.53      3953
   nervousness       0.75      0.00      0.01       660
       neutral       0.39      0.90      0.55     44241
      optimism       0.59      0.21      0.31      3653
         pride       0.00      0.00      0.00       537
   realization       0.52      0.08      0.14      3776
        relief       0.00      0.00      0.00       631
       remorse       0.70      0.08      0.15      1224
       sadness       0.61      0.14      0.23      3044
      surprise       0.56      0.14      0.22      2762

      accuracy                           0.45    137456
     macro avg       0.53      0.19      0.24    137456
  weighted avg       0.51      0.45      0.38    137456


Naive Bayes Classifier - classifying Sentiments: 

Params: MultinomialNB() 

Score 0.624498021184961

Confusion Matrix:
[[ 5241  2112  4766  3094]
 [  925 18900  6647  4353]
 [ 1903  6189 25968 10181]
 [  977  3271  7197 35732]]

Classification Report:
              precision    recall  f1-score   support

   ambiguous       0.58      0.34      0.43     15213
    negative       0.62      0.61      0.62     30825
     neutral       0.58      0.59      0.58     44241
    positive       0.67      0.76      0.71     47177

    accuracy                           0.62    137456
   macro avg       0.61      0.58      0.59    137456
weighted avg       0.62      0.62      0.62    137456


Decision Tree Classifier - classifying Emotions: 

Params: DecisionTreeClassifier() 

Score 0.6524706087766267

Confusion Matrix:
[[ 7410    26     3    18   100    23     4    16     8     5     3     5
      0    30     3    62     2    41   143     0   475    35    10    10
      3     1     6    29]
 [  182  4245     8    25    15     4     6     4     7     4    13     6
      4    10     2     6     1    41    14     0   252     2     0    12
      2     0     1    21]
 [   72    76  3250   142    16     7    10    22     6    18    47    29
      5     6     6     2     1     4     2     0   394     6     1     8
      0     0    13     8]
 [  162   191   604  4420    66    12    19    49     9    36   105    43
     18    14     9    10     1    11    15     5   817    10     0    19
      2     4    31    18]
 [  578   196   157   425  5641    63    23    23    35    21    74     8
      4    26     9    19     1    33    63     5  1419    51     5    51
     11     8    16    17]
 [  108    45    61   132   200  1783     5     6     5     7    19     0
      0     2     6    12     0    13    17     4   341    31     1     5
      5     5    19     1]
 [   66    68    87   193   170    31  2523   197     3     9    27     3
      2     2     1     3     0     1     7     0   519     8     0    18
      0     2     5    27]
 [   98    49    82   189   140    34   386  3116     7     6    16     1
      3    15     2     2     0     3     5     1   501     6     0     7
      1     2     4    27]
 [   57    32    20    68   125    50    20    33  1031     6    11     1
      1     5     1     9     0     5    11     0   182    44     0     8
      0     0     1     0]
 [   72    85   161   375   184    69    75    50    38  1922    78    23
      5     5     9     4     1     3     4    12   453    11     1    18
      5    13    69    21]
 [  129    88   260   527   336    83   147    68    31   200  3360    17
      5     5     7     3     0     7     9     1   795     7     0    25
      2     3    30    16]
 [   41    40   231   284    82    11    39    25    13    89   106  1077
      7     2    10     0     1     1     3     0   237     1     1     3
      0     3     8     3]
 [   20    35    52   125    54    18    32    18     6    48    50    36
    469     1     4     0     1     2     1     2   124     3     1     2
      0    12     3     5]
 [  250    99    36    67   134    29    33    82    41    21    31    10
      5  1180     1    12     0    45    22     1   256    16     1     4
      2     0     2    45]
 [   26    27    41    82    49    24    20    21     5    37    47    39
      9     5   840     1     0     0     1     4    97     2     0     3
      1     1    12     4]
 [  327    35    13    48    89    55     7    21     6    23    32     5
      3    36     1  4707     0    28    10     0    90    28     1     2
      3    21     4     0]
 [   12     2    18    19    12     7     4     4     3    21     8     5
      3     0     2     3   112     1     0     0    25     0     0     2
      0     4    12     0]
 [  291   368    21    59   182    54    17    31    27    34    31     6
      7   142    11    75     2  1770    80     0   229    13     2     9
      9     1     1    17]
 [  309    47    14    42   113    35    18    25    31    21    22     9
      6    36     4    30     2    91  2965     0   127     1     1     0
      0     0     3     1]
 [   16    10    14    52    41    39    16    17     4    45    22    13
     12     7    30     3     2     1     2   231    69     0     0     2
      0     3     5     4]
 [ 1235   815   912  1529  1972   543   791   861   283   533   996   225
    119   291   172   192    32   301   306    50 31516   139     8   145
     18    31   101   125]
 [  203    70    41   139   295   122    53    38   130    55    70    10
     12    46    18    39     2    50    32     6   646  1549     2    10
      2     1     5     7]
 [  100    11     9    20    54    17     4     6     4    12     8     3
      4    13     0    10     2    31     1     0   111    14    98     3
      0     0     1     1]
 [  124    99    92   218   350    65    92    62    30   115   158    27
     16    30    26    16     7    34    26    11  1029    28     2  1069
      3    10    11    26]
 [   50     9     8    25    68    30     4     4     2    17     4     4
      4     5     1    34     1    29     5     1   119     8     1     6
    186     0     3     3]
 [   12    16    21    60    43    28    19    11     9    54    39     8
     20     3     3    26     3     4     6     0    97     4     0    26
      1   671    38     2]
 [   39    40    78   185   127    71    33    19    24   214   113    42
     20     9    31    17    18    13    15    16   484     9     3    22
      1    95  1301     5]
 [  152    57    74   118   113    17    80   109    14    58    52    26
     18    77    20    13     5    28    10     4   416    11     1    28
      6     2     9  1244]]

Classification Report:
                precision    recall  f1-score   support

    admiration       0.61      0.87      0.72      8471
     amusement       0.62      0.87      0.72      4887
         anger       0.51      0.78      0.62      4151
     annoyance       0.46      0.66      0.54      6700
      approval       0.52      0.63      0.57      8982
        caring       0.54      0.63      0.58      2833
     confusion       0.56      0.64      0.60      3972
     curiosity       0.63      0.66      0.65      4703
        desire       0.57      0.60      0.58      1721
disappointment       0.53      0.51      0.52      3766
   disapproval       0.61      0.55      0.57      6161
       disgust       0.64      0.46      0.54      2318
 embarrassment       0.60      0.42      0.49      1124
    excitement       0.59      0.49      0.53      2425
          fear       0.68      0.60      0.64      1398
     gratitude       0.89      0.84      0.86      5595
         grief       0.57      0.40      0.47       279
           joy       0.68      0.51      0.58      3489
          love       0.79      0.75      0.77      3953
   nervousness       0.65      0.35      0.46       660
       neutral       0.75      0.71      0.73     44241
      optimism       0.76      0.42      0.54      3653
         pride       0.70      0.18      0.29       537
   realization       0.70      0.28      0.40      3776
        relief       0.71      0.29      0.42       631
       remorse       0.75      0.55      0.63      1224
       sadness       0.76      0.43      0.55      3044
      surprise       0.74      0.45      0.56      2762

      accuracy                           0.65    137456
     macro avg       0.65      0.55      0.58    137456
  weighted avg       0.67      0.65      0.65    137456


Decision Tree Classifier - classifying Sentiments: 

Params: DecisionTreeClassifier() 

Score 0.7613345361424747

Confusion Matrix:
[[11834   886  1642   851]
 [ 1940 25239  2460  1186]
 [ 3417  5819 31742  3263]
 [ 1912  3354  6076 35835]]

Classification Report:
              precision    recall  f1-score   support

   ambiguous       0.62      0.78      0.69     15213
    negative       0.72      0.82      0.76     30825
     neutral       0.76      0.72      0.74     44241
    positive       0.87      0.76      0.81     47177

    accuracy                           0.76    137456
   macro avg       0.74      0.77      0.75    137456
weighted avg       0.77      0.76      0.76    137456


Perceptron - classifying Emotions: 

Params: MLPClassifier(max_iter=50) 

Score 0.6277572459550692

Confusion Matrix:
[[ 6471    73    27    42   186    27    20    38    17    19    37    14
      2    72    19    87     5   120   183     3   788    58    31    23
     18     3    13    75]
 [  118  3678    30    54    49     5    21    16    15    17    35     9
     13    31    14    16     1   116    25     1   518    11     4    29
      4     8     7    42]
 [   35    43  2456   267    52    18    29    36     7    36   128    81
     16    13    39     7     8    13     9     2   743    18     4    21
      5     8    34    23]
 [   98   118   381  2707   203    35    77   116    22   135   320   155
     52    22    67    22    13    38    31    11  1765    30     6    62
     12    28   116    58]
 [  483   128    69   163  4090    92    81    52    61    68   242    36
     21    62    59    46     8    98   115    17  2570    95    18   116
     35    20    74    63]
 [   90    31    27    51   109  1251    28    18    14    26    67     1
      3    11    22    28     6    50    28    11   755    67     8    19
     20    20    62    10]
 [   37    50    36    62    82     9  2057   291     7    26    83    25
     19    15    19     8     0     7    11     3   994    12     2    30
      1     7    20    59]
 [   56    36    40    56    73    15   262  2630    15    26    47    16
     13    37    24    11     2    21    15     9  1146    10     4    23
      5    10    15    86]
 [   36    17    10    27    80    21    15    19   864    19    30     3
      6    18     6    11     0    22    34     3   353    79     1    17
      3     5    12    10]
 [   41    41    90   149    98    27    51    33    23  1492   202    68
     25    13    52     9    11    23    15    30   869    24     1    58
     13    35   215    58]
 [   69    58   116   204   156    30    93    46    17   105  3353    67
     25    11    60    14    10    23    15    13  1405    37     4    67
      8    23    87    45]
 [   16    27   141   125    38     4    19    15     9    52    89  1166
     19     6    67     1     5     7     6     2   421     4     2     9
      1    16    37    14]
 [   12    18    17    61    24     8    17    11     2    29    40    45
    490     2    18     0     3    11     5     5   215     7     4    16
      2    27    22    13]
 [  204    61    29    30    63    11    17    58    24    14    19    11
      5   965     4    21     0   155    44     5   527    27     7    16
      5     1    10    92]
 [    7    18     7    13     9    16     6     8     2    15    15    20
      7     3  1074     2     1     3     0     8   113     3     1    10
      1     4    25     7]
 [  297    21    11    25    37    25     8     7     6    14    24     7
      2    12     1  4571     1   101    23     0   240    52     5    10
     24    49    19     3]
 [    7     1     6     3     0     2     3     2     1     3     3     2
      4     0     7     2   134     1     2     2    51     1     2     2
      2     8    25     3]
 [  199   292     9    26    79    16     7    15    17    18    25     6
      4    64    10    45     1  1903   136     3   495    23     6    21
     24     4     9    32]
 [  275    38     5    10    53     9    10    15     9    10    19     3
      7    15     5    20     1    75  3009     2   308    12     2    13
      3     3    16     6]
 [    7     5     6    17    19    24    10     8     0    18    22    13
     10     2    47     2     0     1     1   259   133     2     2     9
      6     4    26     7]
 [ 1011   570   602   656  1229   276   567   596   196   337  1006   243
    122   187   291   131    36   321   275    70 33926   277    52   387
     58    96   404   319]
 [  156    40    15    38   187    74    44    25   100    32    68    11
      6    37    22    23     5    55    33     8   848  1706    14    45
     10     6    25    20]
 [   70     4     8     5    29     4     2     4     4     9     8     4
      2     9     1     6     1    30     2     0   137     7   175     6
      6     0     2     2]
 [   83    48    49    92   190    33    66    36    17    76   164    34
     11    16    32     7     7    27    20     7  1244    35     3  1333
      8    32    46    60]
 [   33     3     6     7    40    11     3     2     0     7    11     4
      1     3     1    20     0    25     2     1   133    10     1     7
    291     0     5     4]
 [    9     5     4    16    11    11    13     4    10    28    26     3
     11     1     4    11     4     0     4     2   111     3     1    20
      1   805   101     5]
 [   21    18    37    55    42    24    15     7    14    91    93    34
     10    11    44     6    20    12     8    14   487     5     6    25
      4    89  1839    13]
 [  101    34    49    38    43     5    42    70     6    20    34    18
     13    43    23     9     5    26    10     4   508     8     0    37
      8     2    12  1594]]

Classification Report:
                precision    recall  f1-score   support

    admiration       0.64      0.76      0.70      8471
     amusement       0.67      0.75      0.71      4887
         anger       0.57      0.59      0.58      4151
     annoyance       0.54      0.40      0.46      6700
      approval       0.56      0.46      0.50      8982
        caring       0.60      0.44      0.51      2833
     confusion       0.57      0.52      0.54      3972
     curiosity       0.63      0.56      0.59      4703
        desire       0.58      0.50      0.54      1721
disappointment       0.54      0.40      0.46      3766
   disapproval       0.54      0.54      0.54      6161
       disgust       0.56      0.50      0.53      2318
 embarrassment       0.53      0.44      0.48      1124
    excitement       0.57      0.40      0.47      2425
          fear       0.53      0.77      0.63      1398
     gratitude       0.89      0.82      0.85      5595
         grief       0.47      0.48      0.47       279
           joy       0.58      0.55      0.56      3489
          love       0.74      0.76      0.75      3953
   nervousness       0.52      0.39      0.45       660
       neutral       0.65      0.77      0.71     44241
      optimism       0.65      0.47      0.54      3653
         pride       0.48      0.33      0.39       537
   realization       0.55      0.35      0.43      3776
        relief       0.50      0.46      0.48       631
       remorse       0.61      0.66      0.63      1224
       sadness       0.56      0.60      0.58      3044
      surprise       0.59      0.58      0.58      2762

      accuracy                           0.63    137456
     macro avg       0.59      0.54      0.56    137456
  weighted avg       0.62      0.63      0.62    137456


Perceptron - classifying Sentiments: 

Params: MLPClassifier(max_iter=50) 

Score 0.7444636829239902

Confusion Matrix:
[[ 9117  1647  2916  1533]
 [ 1017 24015  3662  2131]
 [ 2135  5409 30761  5936]
 [ 1073  2776  4890 38438]]

Classification Report:
              precision    recall  f1-score   support

   ambiguous       0.68      0.60      0.64     15213
    negative       0.71      0.78      0.74     30825
     neutral       0.73      0.70      0.71     44241
    positive       0.80      0.81      0.81     47177

    accuracy                           0.74    137456
   macro avg       0.73      0.72      0.73    137456
weighted avg       0.74      0.74      0.74    137456


GridSearch_MNB - classifying Emotions: 

Params: GridSearchCV(estimator=MultinomialNB(), n_jobs=-1,
             param_grid={'alpha': [0, 0.1, 0.5, 1.0]}) 

Score 0.4939253288324991

Confusion Matrix:
[[ 5215    75    17    36   138    35    11    39     8    14    29     7
      1    18     1   221     0    85   217     0  2141    69     2    15
      0     0    12    65]
 [  161  2844    19    61    29     5     5    16     4     8    20     5
      3    19     1    36     0    63    31     0  1482    20     0    16
      1     0     7    31]
 [   46    44  1380   287    72    19    20    34     2    24    82    37
      2     9     3    18     0     8    16     0  1988    13     0    13
      0     2    20    12]
 [  118   108   241  1701   161    52    45    56    12    59   199    61
      3    19     8    61     0    23    29     0  3585    27     0    26
      2     4    54    46]
 [  440   126    36   130  2314    95    49    51    19    40   190    16
      0    24     9    99     0    54    92     0  4971   101     1    57
      3     8    31    26]
 [   63    19    14    37    61   764     7     9     2     8    32     3
      0     2     3    90     0    24    21     0  1550    89     0     5
      0     9    19     2]
 [   56    42    23    45    67    11   960   206     3     8    76     5
      0     6     5    18     0     5    16     0  2340    15     0    29
      0     2     6    28]
 [   83    36    24    48    67    17    88  1473    10    18    43     1
      0    16     2    31     0     6    17     1  2644    12     0    19
      0     3     6    38]
 [   47    17     6    15    57    20     7     9   321    12    20     2
      1     5     1    18     0    20    29     0   985   116     0     2
      0     0     5     6]
 [   57    42    39   135    76    33    33    23     6   717   115    23
      1     9     5    29     0    12    24     1  2203    28     0    28
      0    10    88    29]
 [   85    69    74   183   143    37    57    34     6    35  1771    38
      8     9    10    35     0    19    18     0  3392    32     0    37
      1     5    41    22]
 [   47    24   109   154    49     5    19    11     4    24    68   575
      3     3     7     8     0     5     9     0  1140    11     1     9
      0     3    16    14]
 [   23    20    14    78    24     8    15     9     0    23    36    14
    125     4     2    11     0     7     7     0   656     8     1    11
      0    11    13     4]
 [  282    52    22    21    64     3     6    42    10     7    12     4
      0   429     1    47     0   161    43     0  1108    28     0    10
      0     0     3    70]
 [   30    12    12    33    23    16     9    10     0    10    22    24
      2     3   312     2     0     7     3     2   808    14     0    14
      0     3    17    10]
 [  297    30     2    13    30    27     5     6     2     4    16     1
      0     3     1  4434     0    87    19     0   521    60     0     7
      0    20     9     1]
 [    8     2     7    11     4     4     2     2     0     3     3     1
      0     1     0     5     2     1     4     0   177     3     0     0
      0     5    32     2]
 [  292   299    11    15    55    26     7    15     3     5    14     1
      1    16     2   118     0  1086   158     0  1300    27     0    13
      1     1     6    17]
 [  286    29     4    14    34     9     1    12     3     3    11     0
      0     1     0    28     0    44  2382     0  1069    11     0     2
      0     0     5     5]
 [   11     5     5    19    30    20     5     3     1    21    14     5
      2     6     7     5     1     1     2    19   455     7     0     5
      0     1     7     3]
 [ 1244   600   507   661   980   418   377   559    94   239   824   166
     31   178    78   369     6   280   366     9 35129   327    12   295
      9    28   223   232]
 [  154    28    14    22   115    73    21    12    30    11    47     3
      1    10     1    65     0    34    23     0  1702  1250     0    16
      2     1     6    12]
 [  110     3     5     6    21     6     1     5     1     4     8     0
      0     2     0    14     0    22     0     0   294    11    15     4
      0     0     3     2]
 [   77    55    23    65   138    35    37    31     3    37   104     5
      3     8     7    26     0    18    19     0  2329    28     0   655
      1     7    20    45]
 [   48     6     6     9    31    13     3     3     0     8     6     0
      0     3     0    50     0    26     4     0   375    11     0     3
     20     1     3     2]
 [   12     6     5    19    30    17    12     5     5    21    23     2
      4     0     1    66     0     2     8     0   582     8     1    14
      0   299    77     5]
 [   27    29    17    59    52    36    10     9    10    72    65    16
      3     4     4    40     0    14    15     0  1577    13     0    15
      0    59   887    11]
 [  146    30    36    39    40     3    23    74     2    12    36     9
      0    17     5    18     0    13    10     0  1399     7     0    24
      0     0     5   814]]

Classification Report:
                precision    recall  f1-score   support

    admiration       0.55      0.62      0.58      8471
     amusement       0.61      0.58      0.60      4887
         anger       0.52      0.33      0.40      4151
     annoyance       0.43      0.25      0.32      6700
      approval       0.47      0.26      0.33      8982
        caring       0.42      0.27      0.33      2833
     confusion       0.52      0.24      0.33      3972
     curiosity       0.53      0.31      0.39      4703
        desire       0.57      0.19      0.28      1721
disappointment       0.50      0.19      0.28      3766
   disapproval       0.46      0.29      0.35      6161
       disgust       0.56      0.25      0.34      2318
 embarrassment       0.64      0.11      0.19      1124
    excitement       0.52      0.18      0.26      2425
          fear       0.66      0.22      0.33      1398
     gratitude       0.74      0.79      0.77      5595
         grief       0.22      0.01      0.01       279
           joy       0.51      0.31      0.39      3489
          love       0.66      0.60      0.63      3953
   nervousness       0.59      0.03      0.05       660
       neutral       0.45      0.79      0.58     44241
      optimism       0.53      0.34      0.42      3653
         pride       0.45      0.03      0.05       537
   realization       0.49      0.17      0.26      3776
        relief       0.50      0.03      0.06       631
       remorse       0.62      0.24      0.35      1224
       sadness       0.55      0.29      0.38      3044
      surprise       0.52      0.29      0.38      2762

      accuracy                           0.49    137456
     macro avg       0.53      0.29      0.34    137456
  weighted avg       0.51      0.49      0.46    137456

Best parameters: {'alpha': 0.5}
Best score: 0.3840938367126042


GridSearch_MNB - classifying Sentiments: 

Params: GridSearchCV(estimator=MultinomialNB(), n_jobs=-1,
             param_grid={'alpha': [0, 0.1, 0.5, 1.0]}) 

Score 0.624498021184961

Confusion Matrix:
[[ 5241  2112  4766  3094]
 [  925 18900  6647  4353]
 [ 1903  6189 25968 10181]
 [  977  3271  7197 35732]]

Classification Report:
              precision    recall  f1-score   support

   ambiguous       0.58      0.34      0.43     15213
    negative       0.62      0.61      0.62     30825
     neutral       0.58      0.59      0.58     44241
    positive       0.67      0.76      0.71     47177

    accuracy                           0.62    137456
   macro avg       0.61      0.58      0.59    137456
weighted avg       0.62      0.62      0.62    137456

Best parameters: {'alpha': 1.0}
Best score: 0.5393435256403346


GridSearch_DCT - classifying Emotions: 

Params: GridSearchCV(estimator=DecisionTreeClassifier(),
             param_grid={'criterion': ['gini', 'entropy'], 'max_depth': [2, 8],
                         'min_samples_split': [2, 3, 4]}) 

Score 0.3878404725875917

Confusion Matrix:
[[ 1903    41     0     0     0     0     0     0     0     0     0     0
      0     0     0    53     0     0   332     0  6080    54     0     0
      0     8     0     0]
 [  111  1690     0     0     0     0     3     0     0     0     0     0
      0     0     0    26     0     0    44     0  2979    19     0     0
      0    15     0     0]
 [   75    26    10     0     0     0     0     0     0     0     0     0
      0     0     0    15     0     0    28     0  3964    17     0     0
      0    16     0     0]
 [  138    92     3    15     1     0     0     0     0     0     3     0
      0     0     0    38     0     0    59     0  6292    18     0     0
      0    41     0     0]
 [  450    67     0     1     5     0     1     0     0     0     1     0
      0     0     0    26     0     0   118     0  8234    53     0     0
      1    25     0     0]
 [  188    19     0     0     0     7     0     0     0     0     0     0
      0     0     0     9     0     0    54     0  2438    57     0     0
      0    61     0     0]
 [   71    37     0     0     1     0    10     1     0     1     3     0
      0     0     0     9     0     0    29     0  3786     5     0     0
      0    19     0     0]
 [   79    46     0     0     0     0     1     4     0     0     0     0
      0     0     0    15     0     0    42     0  4489    10     0     0
      0    17     0     0]
 [   81    13     0     0     0     0     0     0     2     0     0     0
      0     0     0     7     0     0    55     0  1472    89     0     0
      0     2     0     0]
 [  115    30     0     2     0     1     2     0     0     6     2     0
      0     0     0    17     0     0    28     0  3497    18     0     0
      0    48     0     0]
 [  183    57     0     1     1     2     0     0     0     1    12     0
      0     0     0    27     0     0    43     0  5759    30     0     0
      0    45     0     0]
 [   38    21     1     1     0     0     0     0     0     0     1     2
      0     0     0     1     0     0    10     0  2225     8     0     0
      0    10     0     0]
 [   21     9     0     1     0     0     0     0     0     1     0     0
      0     0     0     2     0     0     9     0  1038     4     0     0
      0    39     0     0]
 [   98    21     0     0     0     0     0     0     0     0     0     0
      0     0     0     7     0     0    56     0  2232     9     0     0
      0     2     0     0]
 [   15    20     0     0     0     0     1     0     0     0     0     0
      0     0     0     0     0     0    10     0  1337    10     0     0
      0     5     0     0]
 [  299    19     2     2     0     1     1     3     0     0     0     1
      0     0     0  4089     0     0    42     0  1008    21     0     1
      1   105     0     0]
 [   14     1     0     0     0     0     0     0     0     1     0     0
      0     0     0     4     0     0     2     0   245     0     0     0
      0    12     0     0]
 [  204   121     1     0     0     0     0     0     0     1     0     0
      0     0     0    18     0     2   167     0  2943    30     0     0
      0     2     0     0]
 [   47    34     0     1     1     0     0     0     0     0     1     0
      0     0     0    14     0     1  2423     0  1414    14     0     0
      0     3     0     0]
 [    6     1     0     0     0     0     0     0     0     0     0     0
      0     0     0     2     0     0     5     0   637     5     0     0
      0     4     0     0]
 [ 1009   453     0     2     1     6     6     0     2     3     0     0
      0     0     0   164     0     0   526     0 41694   224     0     1
      0   150     0     0]
 [  345    30     0     0     0     0     1     0     0     1     0     0
      0     0     0    18     0     0    56     0  2434   762     0     0
      0     6     0     0]
 [   42     4     0     0     0     0     1     0     0     0     0     0
      0     0     0     0     0     0     3     0   482     5     0     0
      0     0     0     0]
 [   85    31     0     0     1     0     2     0     0     0     0     0
      0     0     0    10     0     0    32     0  3571    13     0     3
      0    28     0     0]
 [   45     6     0     0     1     0     0     0     0     0     0     0
      0     0     0    30     0     0     2     0   532     6     0     0
      9     0     0     0]
 [   14     4     0     0     0     0     0     0     0     0     0     0
      0     0     0     3     0     0     8     0   530     2     0     0
      0   663     0     0]
 [   59    21     1     0     0     3     0     0     0     1     0     0
      0     0     0     9     0     0    23     0  2630    23     0     0
      0   274     0     0]
 [   39    18     0     0     0     0     0     0     0     0     0     0
      0     0     0    10     0     0    15     0  2669     9     0     0
      0     2     0     0]]

Classification Report:
                precision    recall  f1-score   support

    admiration       0.33      0.22      0.27      8471
     amusement       0.58      0.35      0.43      4887
         anger       0.56      0.00      0.00      4151
     annoyance       0.58      0.00      0.00      6700
      approval       0.42      0.00      0.00      8982
        caring       0.35      0.00      0.00      2833
     confusion       0.34      0.00      0.00      3972
     curiosity       0.50      0.00      0.00      4703
        desire       0.50      0.00      0.00      1721
disappointment       0.38      0.00      0.00      3766
   disapproval       0.52      0.00      0.00      6161
       disgust       0.67      0.00      0.00      2318
 embarrassment       1.00      0.00      0.00      1124
    excitement       1.00      0.00      0.00      2425
          fear       1.00      0.00      0.00      1398
     gratitude       0.88      0.73      0.80      5595
         grief       1.00      0.00      0.00       279
           joy       0.67      0.00      0.00      3489
          love       0.57      0.61      0.59      3953
   nervousness       1.00      0.00      0.00       660
       neutral       0.36      0.94      0.52     44241
      optimism       0.50      0.21      0.29      3653
         pride       1.00      0.00      0.00       537
   realization       0.60      0.00      0.00      3776
        relief       0.82      0.01      0.03       631
       remorse       0.41      0.54      0.47      1224
       sadness       1.00      0.00      0.00      3044
      surprise       1.00      0.00      0.00      2762

      accuracy                           0.39    137456
     macro avg       0.66      0.13      0.12    137456
  weighted avg       0.51      0.39      0.26    137456

Best parameters: {'criterion': 'entropy', 'max_depth': 8, 'min_samples_split': 4}
Best score: 0.38650188932909135


GridSearch_DCT - classifying Sentiments: 

Params: GridSearchCV(estimator=DecisionTreeClassifier(),
             param_grid={'criterion': ['gini', 'entropy'], 'max_depth': [2, 8],
                         'min_samples_split': [2, 3, 4]}) 

Score 0.41915231055756025

Confusion Matrix:
[[   43    80 14542   548]
 [    4  1286 28282  1253]
 [   13   186 41923  2119]
 [    5   277 32532 14363]]

Classification Report:
              precision    recall  f1-score   support

   ambiguous       0.66      0.00      0.01     15213
    negative       0.70      0.04      0.08     30825
     neutral       0.36      0.95      0.52     44241
    positive       0.79      0.30      0.44     47177

    accuracy                           0.42    137456
   macro avg       0.63      0.32      0.26    137456
weighted avg       0.62      0.42      0.34    137456

Best parameters: {'criterion': 'gini', 'max_depth': 8, 'min_samples_split': 4}
Best score: 0.41721717631774125

