Vocabulary size: 30449

Naive_Bayes_Classifier - classifying Emotions: 

Params: MultinomialNB() 

Score 0.4521561732290218

Confusion Matrix:
[[ 5558    59    12    29   145    15     6    32     2     6    23     2
      0    12     0   202     0    70   198     0  3545    35     0    10
      0     0     5    45]
 [  210  2509    19    50    35     1     8    12     2     4    26     1
      0    10     1    31     0    52    26     0  2766    12     0    10
      0     1     4    23]
 [   58    37  1064   245    45    13     4    21     1    21    67    27
      0     5     2    21     0     5    12     0  3246    12     0     7
      0     2    12    11]
 [  114    94   191  1336   132    24    29    44     1    24   148    37
      3     9     2    69     0    13    19     0  5491    20     0    23
      1     3    40    29]
 [  484    88    15   105  2008    49    22    42     9    13   124    12
      1     9     5    75     0    35    75     0  7380    59     0    32
      0     2    19    13]
 [   73    10     7    25    48   445     7     9     2    11    22     1
      0     2     0    91     0    22    19     0  2441    74     0     5
      0     4    14     2]
 [   48    35    10    50    67     3   596   138     3     8    55     2
      0     4     2    23     0     3     8     0  3603     8     0    22
      0     0     3     9]
 [   81    30    16    29    68    13    53  1112     4     6    35     0
      0    10     0    26     0     5     8     0  4077     9     0    13
      0     2     5    19]
 [   41    17     4    18    29    14     4     6   176     3    10     2
      0     5     0    20     0    11    24     0  1589    69     0     1
      0     0     2     4]
 [   73    30    26   109    77    11    15    14     3   461    80    14
      0     5     1    21     0     6    15     1  3412    20     0    15
      0     6    62     8]
 [   94    63    52   151   148    16    37    20     0    20  1277    18
      5     3     7    31     0    11    15     0  5268    19     0    14
      1     2    20    10]
 [   50    16   101   150    48     2     8     6     2    13    58   400
      4     1     3     6     0     2     8     0  1857     7     0     5
      0     2     9     7]
 [   22    16    14    57    25     3     8     7     0     8    25    12
     49     1     1     9     0     2     4     0  1058     7     0    15
      0     3     9     6]
 [  325    37    20    20    67     6     5    26     2     6    10     3
      0   268     2    50     0   172    42     0  1731    26     0     6
      0     0     1    47]
 [   39    20     6    25    38     8     3     8     1     9    17    15
      1     1   151     4     0     2     1     0  1296     8     0    11
      0     0    11     8]
 [  353    29     0    12    37    24     2     5     2     3    12     0
      0     2     0  4943     0    91    19     0  1122    44     0     5
      0     9     7     2]
 [    4     4     2     5     4     3     1     2     0     2     4     0
      0     2     1     8     0     1     0     0   266     1     0     1
      0     0    21     0]
 [  348   277     9    19    62    11     4     9     0     4    11     0
      0    10     0   130     0   830   149     0  2200    24     0    11
      0     1     4     9]
 [  324    25     3     7    43     5     1    11     0     2     7     0
      0     1     0    30     0    36  2217     0  1991     9     0     2
      0     1     4     2]
 [    5     2     3    14    21     6     3     5     0     9     9     2
      1     1     3     5     0     1     0     3   655     3     0     2
      0     0     4     3]
 [ 1261   508   367   484   795   208   192   373    54   150   582   107
     11    96    38   319     3   208   306     0 45770   203     3   171
      5    22   120   142]
 [  168    18     6    13   102    47     9    11    16     5    32     1
      0     3     1    69     0    26    21     0  2785   927     0     6
      0     0     5     3]
 [  109     6     3     5    23     4     1     3     0     3     4     0
      1     2     0    14     0    12     1     0   441     4     0     5
      0     0     1     0]
 [   78    38    14    48   131     9    14    12     2    16    65     4
      0     4     1    22     0    15    19     0  3554    14     0   381
      1     3     9    26]
 [   54     4     4     4    21    10     2     3     0     2     5     0
      0     1     0    47     0    16     3     0   565     5     0     3
      6     0     2     1]
 [   10     6     4    17    18     7     7     1     1    14    12     1
      1     0     1    86     0     0     6     0  1018     4     0    14
      0   141    77     0]
 [   31    27    12    55    49    16     7     4     4    47    43    10
      2     2     1    40     0    14    12     0  2599    14     0     8
      0    29   630     6]
 [  189    30    32    43    48     5    18    62     0    11    21     2
      0    10     2    24     0    11     5     0  2217     4     0    19
      0     0     5   547]]

Classification Report:
                precision    recall  f1-score   support

    admiration       0.54      0.56      0.55     10011
     amusement       0.62      0.43      0.51      5813
         anger       0.53      0.22      0.31      4938
     annoyance       0.43      0.17      0.24      7896
      approval       0.46      0.19      0.27     10676
        caring       0.46      0.13      0.21      3334
     confusion       0.56      0.13      0.21      4700
     curiosity       0.56      0.20      0.29      5621
        desire       0.61      0.09      0.15      2049
disappointment       0.52      0.10      0.17      4485
   disapproval       0.46      0.17      0.25      7302
       disgust       0.59      0.14      0.23      2765
 embarrassment       0.62      0.04      0.07      1361
    excitement       0.56      0.09      0.16      2872
          fear       0.67      0.09      0.16      1683
     gratitude       0.77      0.74      0.75      6723
         grief       0.00      0.00      0.00       332
           joy       0.50      0.20      0.29      4122
          love       0.69      0.47      0.56      4721
   nervousness       0.75      0.00      0.01       760
       neutral       0.40      0.87      0.55     52498
      optimism       0.56      0.22      0.31      4274
         pride       0.00      0.00      0.00       642
   realization       0.47      0.09      0.14      4480
        relief       0.43      0.01      0.02       758
       remorse       0.61      0.10      0.17      1446
       sadness       0.57      0.17      0.26      3662
      surprise       0.56      0.17      0.26      3305

      accuracy                           0.45    163229
     macro avg       0.52      0.21      0.25    163229
  weighted avg       0.50      0.45      0.39    163229


Naive_Bayes_Classifier - classifying Sentiments: 

Params: MultinomialNB() 

Score 0.61847465830214

Confusion Matrix:
[[ 6358  2533  5550  3665]
 [ 1221 22497  7903  5009]
 [ 2579  7613 30085 12221]
 [ 1301  4017  8664 42013]]

Classification Report:
              precision    recall  f1-score   support

   ambiguous       0.55      0.35      0.43     18106
    negative       0.61      0.61      0.61     36630
     neutral       0.58      0.57      0.57     52498
    positive       0.67      0.75      0.71     55995

    accuracy                           0.62    163229
   macro avg       0.60      0.57      0.58    163229
weighted avg       0.61      0.62      0.61    163229


Decision_Tree_Classifier - classifying Emotions: 

Params: DecisionTreeClassifier() 

Score 0.6333127079134222

Confusion Matrix:
[[ 8445    43     7    30   151    26     9    26    14     5    13     7
      0    40     5    80     2    67   212     0   698    42    12     9
      7     2     7    52]
 [  222  4871     9    33    29     5    13     4    11     4    20     4
      5    18     2    11     1    56    22     0   416     4     0    16
      3     0     5    29]
 [   85    96  3596   217    30    14    15    26     8    23    75    42
      6    10    11     4     0     3     4     0   625     6     0     8
      1     2    15    16]
 [  204   254   713  4694   102    35    44    65    15    65   171    71
     26    16    19    20     0    14    24     5  1212    18     0    28
      2     8    51    20]
 [  703   224   179   498  5978    95    40    46    45    39   128    20
     10    40    12    33     4    54    93     6  2204    73     4    73
     11    10    24    30]
 [  121    54    74   141   247  1934    10    13     8    13    25     0
      0     2     7    16     0    19    27     6   517    38     1    11
      3    11    32     4]
 [   82    87   118   232   203    32  2686   309     3    13    45     5
      6     6     5     5     1     1    11     3   778     6     1    22
      1     3     4    32]
 [  112    68   105   200   161    50   426  3521    10     9    22     2
      4    27     5     2     0     3     8     2   815     8     0    11
      1     3     4    42]
 [   73    32    20    81   137    62    19    40  1118     5    14     2
      2    10     1    13     1     8    25     1   304    64     0    12
      0     0     4     1]
 [  106   107   201   433   224    79    92    56    43  2019   111    32
     10     7    10     5     1     6     8    12   704    16     1    21
      5    23   122    31]
 [  154   133   315   601   378    89   164    91    37   237  3667    33
     15     8    13     4     0     9    11     1  1229    14     0    27
      3     6    38    25]
 [   53    60   296   347   102    14    41    28    14    91   118  1191
     22     2    17     0     1     1     6     0   326     2     1     7
      0     3    18     4]
 [   30    49    69   142    56    19    41    20     8    62    53    36
    531     1     8     0     0     3     3     2   188     3     1     4
      0    17     6     9]
 [  310   115    43    91   154    31    33    83    44    29    35    10
      5  1275     2    21     0    65    37     2   385    20     3     5
      2     1     4    67]
 [   30    33    57    99    62    25    27    23     9    53    41    45
     10     5   976     1     1     0     1     9   148     2     0     5
      2     1    13     5]
 [  414    39    15    52    95    72    13    26     8    21    33     6
      4    45     2  5606     0    50    17     0   122    32     2     2
      8    34     3     2]
 [   13     4    23    18    12     8     8     4     1    23     8     5
      4     0     7     5   110     1     1     0    53     1     0     1
      0     6    15     1]
 [  371   454    32    73   204    55    16    31    36    36    33     9
      4   145    10    89     2  1954   130     1   362    20     3     9
     15     1     2    25]
 [  352    53    15    43   141    40    21    34    34    25    21     7
      7    41     4    32     3   108  3533     0   192     3     1     4
      0     1     5     1]
 [   18    13    24    60    55    45    17    17     3    52    19    12
     14     5    35     3     2     2     1   227   114     1     0     2
      0     4    11     4]
 [ 1436   919  1086  1670  2056   575   847   955   297   592  1046   243
    123   297   184   217    34   325   375    47 38329   203    13   196
     19    60   163   191]
 [  247    71    51   149   354   165    58    48   139    65    83    11
     10    53    11    50     2    55    40     4   795  1770     3    17
      2     2     8    11]
 [  123    16    14    21    64    14     7     7     5    13     8     2
      3    12     1     7     3    28     1     0   158    15   114     4
      1     0     1     0]
 [  166   116   118   267   433    62   126    66    35   131   186    23
     19    32    27    20    10    36    31     7  1316    29     2  1141
      3    17    20    41]
 [   57    11    13    24    99    37     7     5     5    16     9     5
      3     5     1    38     1    41     7     1   161    11     1     7
    186     0     6     1]
 [   18    20    24    65    46    36    25    13    12    60    45     8
     23     4     4    31     9     2     6     4   110     6     0    22
      0   798    53     2]
 [   54    54   105   207   156    86    45    27    27   236   122    34
     25    10    29    18    25    17    18    17   572     9     1    28
      2   138  1596     4]
 [  186    72    98   150   137    14    90   127    12    68    58    21
     19    77    22    16     4    29     9     4   526     9     1    30
      4     1    12  1509]]

Classification Report:
                precision    recall  f1-score   support

    admiration       0.60      0.84      0.70     10011
     amusement       0.60      0.84      0.70      5813
         anger       0.48      0.73      0.58      4938
     annoyance       0.44      0.59      0.51      7896
      approval       0.50      0.56      0.53     10676
        caring       0.52      0.58      0.55      3334
     confusion       0.54      0.57      0.56      4700
     curiosity       0.62      0.63      0.62      5621
        desire       0.56      0.55      0.55      2049
disappointment       0.50      0.45      0.48      4485
   disapproval       0.59      0.50      0.54      7302
       disgust       0.63      0.43      0.51      2765
 embarrassment       0.58      0.39      0.47      1361
    excitement       0.58      0.44      0.50      2872
          fear       0.68      0.58      0.63      1683
     gratitude       0.88      0.83      0.86      6723
         grief       0.51      0.33      0.40       332
           joy       0.66      0.47      0.55      4122
          love       0.76      0.75      0.75      4721
   nervousness       0.63      0.30      0.40       760
       neutral       0.72      0.73      0.72     52498
      optimism       0.73      0.41      0.53      4274
         pride       0.69      0.18      0.28       642
   realization       0.66      0.25      0.37      4480
        relief       0.66      0.25      0.36       758
       remorse       0.69      0.55      0.61      1446
       sadness       0.71      0.44      0.54      3662
      surprise       0.70      0.46      0.55      3305

      accuracy                           0.63    163229
     macro avg       0.62      0.52      0.55    163229
  weighted avg       0.64      0.63      0.63    163229


Decision_Tree_Classifier - classifying Sentiments: 

Params: DecisionTreeClassifier() 

Score 0.7485557100760282

Confusion Matrix:
[[12988  1326  2543  1249]
 [ 2157 29102  3671  1700]
 [ 3671  6784 37332  4711]
 [ 2150  3949  7132 42764]]

Classification Report:
              precision    recall  f1-score   support

   ambiguous       0.62      0.72      0.66     18106
    negative       0.71      0.79      0.75     36630
     neutral       0.74      0.71      0.72     52498
    positive       0.85      0.76      0.80     55995

    accuracy                           0.75    163229
   macro avg       0.73      0.75      0.74    163229
weighted avg       0.76      0.75      0.75    163229


Perceptron - classifying Emotions: 

Params: MLPClassifier(max_iter=50) 

Score 0.617586335761415

Confusion Matrix:
[[ 6980    92    33    80   266    84    24    57    26    33    64    28
      6   179    22   175     6   195   295     3  1090    94    26    26
     22     6     9    90]
 [  128  4105    53   124    49    27    34    23    18    30    65    25
     12    76     8    25     3   162    36     2   691    12     3    33
      4     4    20    41]
 [   30    38  2954   383    37    42    40    55    13    71   119   108
     18    32    33    10     7    13     6     5   819    19     6    15
      5     4    29    27]
 [   83   111   474  3654   161    98    96   130    25   206   333   174
     53    68    49    42    12    30    38     8  1797    40     7    65
      9    18    85    30]
 [  426   131   103   299  4223   233    98    92    69   137   297    70
     29   138    39    68    11   127   146    15  3465   160    19   121
     42    16    52    50]
 [   55    26    38    55    84  1897    16    27    11    36    47     9
      4    23    17    32     1    44    33    10   706    65     4    11
     16    22    40     5]
 [   39    56    62   114    88    23  2209   489     4    67   129    23
     14    34    20    14     4     8    17     7  1140    19     3    43
      3     8    12    51]
 [   44    39    60   101    72    35   240  3419    16    33    54    14
     11    87    21    17     2    19    17     8  1179    20     3    22
      2     5    13    68]
 [   34    17    11    43    61    62    14    31   939    23    38     9
      4    43     8    15     3    27    40     3   470   102     1    26
      4     2    11     8]
 [   39    46   113   231    79    62    38    40    20  1944   206    69
     26    26    39    17    13    23    19    23  1059    27     7    49
      9    37   188    36]
 [   52    70   192   344   147    88   106    75    15   195  3755    96
     36    31    37    23    11    27    21    13  1726    37     6    63
     11    24    62    39]
 [   16    23   206   224    43    10    25    16     8    83    96  1322
     28    12    53     4    10     8     6     4   486    15     4    17
      1     6    32     7]
 [   13    24    37    80    23    18    24    16     2    52    44    47
    542     6    17     6     5     9     7     6   294     8     3    14
      3    25    20    16]
 [  166    51    23    40    65    18    10    59    20    27    21    10
      2  1586     7    27     1    88    38     3   475    29     2    15
      4     1     8    76]
 [    3    23    22    39    12    21    12    12     4    31    31    40
     10     7  1082     4     3     3     1    20   241    10     1    14
      2     1    25     9]
 [  278    24    12    28    41    72     5     9     4    16    19     6
      2    58     5  5659     6    92    24     1   221    49     4     6
     18    47    10     7]
 [    5     2    12     5     4     6     3     2     1    10     3     1
      4     0    11     1   142     2     3     2    75     3     1     0
      0     7    26     1]
 [  175   320    17    46    91    48    10    20    17    24    28    11
      5   186    10    75     1  2156   165     2   574    41    13    12
     27     3    13    32]
 [  220    33    13    25    64    29    13    31    14    17    19    13
      4    66     3    29     2   118  3590     3   356    16     0    13
      4     5    12     9]
 [    5     5     8    39    18    33    14    11     3    47    14    10
      9    11    32     2     2     2     1   257   185     5     0     9
      2     8    22     6]
 [  891   589   832  1098  1107   579   626   925   193   541  1157   285
    123   503   224   211    46   348   346    52 40248   402    55   348
     82    91   302   294]
 [  105    41    26    72   196   159    48    45    97    55    86    15
     13    73    13    44     5    68    39     2   925  2035    16    45
     18     7    13    13]
 [   78     8     6     8    33     9     5     5     3     8     7     0
      1    19     1    10     1    28     6     0   202     8   182     6
      4     0     2     2]
 [   71    63    87   138   232    67    80    53    16   112   200    23
     20    42    23    16    11    41    28     6  1638    49     8  1303
     12    33    41    67]
 [   29     5     6    12    37    30     5     5     1    18     8     4
      2     6     1    38     0    46     7     4   180    14     4     6
    282     0     4     4]
 [    7     9    15    33    22    36    11    10     8    44    38     8
     19     8     5    29    10     3     4     2   152     8     1    19
      3   868    72     2]
 [   23    21    56   116    63    68    25    16    17   195   121    53
     17    18    29    18    26    12    14    17   706    17     4    25
      7   147  1822     9]
 [  101    47    62   112    54    12    51   125     3    58    53    19
     13   117    22    13     3    30     8     7   657    26     1    35
      6     5    12  1653]]

Classification Report:
                precision    recall  f1-score   support

    admiration       0.69      0.70      0.69     10011
     amusement       0.68      0.71      0.69      5813
         anger       0.53      0.60      0.56      4938
     annoyance       0.48      0.46      0.47      7896
      approval       0.57      0.40      0.47     10676
        caring       0.49      0.57      0.53      3334
     confusion       0.57      0.47      0.51      4700
     curiosity       0.59      0.61      0.60      5621
        desire       0.60      0.46      0.52      2049
disappointment       0.47      0.43      0.45      4485
   disapproval       0.53      0.51      0.52      7302
       disgust       0.53      0.48      0.50      2765
 embarrassment       0.53      0.40      0.45      1361
    excitement       0.46      0.55      0.50      2872
          fear       0.59      0.64      0.62      1683
     gratitude       0.85      0.84      0.85      6723
         grief       0.41      0.43      0.42       332
           joy       0.58      0.52      0.55      4122
          love       0.72      0.76      0.74      4721
   nervousness       0.53      0.34      0.41       760
       neutral       0.65      0.77      0.70     52498
      optimism       0.61      0.48      0.54      4274
         pride       0.47      0.28      0.35       642
   realization       0.55      0.29      0.38      4480
        relief       0.47      0.37      0.41       758
       remorse       0.62      0.60      0.61      1446
       sadness       0.62      0.50      0.55      3662
      surprise       0.62      0.50      0.55      3305

      accuracy                           0.62    163229
     macro avg       0.57      0.52      0.54    163229
  weighted avg       0.61      0.62      0.61    163229


Perceptron - classifying Sentiments: 

Params: MLPClassifier(max_iter=50) 

Score 0.7448553872167323

Confusion Matrix:
[[10401  2028  3693  1984]
 [ 1087 27957  5134  2452]
 [ 2253  5737 38276  6232]
 [ 1116  3279  6652 44948]]

Classification Report:
              precision    recall  f1-score   support

   ambiguous       0.70      0.57      0.63     18106
    negative       0.72      0.76      0.74     36630
     neutral       0.71      0.73      0.72     52498
    positive       0.81      0.80      0.81     55995

    accuracy                           0.74    163229
   macro avg       0.73      0.72      0.72    163229
weighted avg       0.74      0.74      0.74    163229


GridSearch_MNB - classifying Emotions: 

Params: GridSearchCV(estimator=MultinomialNB(), n_jobs=-1,
             param_grid={'alpha': [0, 0.1, 0.5, 1.0]}) 

Score 0.489661763534666

Confusion Matrix:
[[ 6183    90    22    51   180    61    24    61    14    14    37     7
      0    35     3   268     0   123   297     0  2322    89     2    21
      0     1    16    90]
 [  216  3498    31    78    51     6    17    23     5    11    37     7
      3    25     1    34     0    87    50     0  1541    19     0    21
      0     1    14    37]
 [   66    54  1724   349    69    29    23    37     5    32   109    55
      3    11     8    20     0    13    18     0  2226    16     1    17
      1     3    29    20]
 [  150   145   327  1953   200    73    81    81    17    73   238    93
      9    25    15    79     0    24    31     1  4042    34     0    48
      2     4    88    63]
 [  584   147    57   167  2623   148    71    79    30    57   216    26
      4    32    19   133     0    83   122     1  5760   125     1    83
      5    10    52    41]
 [   72    20    16    44    64   939    12    22     8    17    36     4
      1     6     2   107     0    38    27     1  1719   118     0     9
      1    16    33     2]
 [   64    59    27    68    88    13  1194   266     4    17    94    11
      2     7     6    29     0     5    22     1  2609    19     1    43
      0     4     9    38]
 [  102    50    33    65    93    35   121  1778    11    17    51     2
      1    25     5    38     0     9    25     1  3047    21     0    31
      0     3    10    47]
 [   41    20     7    20    50    33    10    12   456    10    23     6
      1     8     2    24     0    20    40     0  1122   126     0     5
      0     0     7     6]
 [   88    56    56   166    97    40    43    26    12   862   136    42
      2    11     9    30     0    14    25     1  2503    36     0    38
      1    19   132    40]
 [  112    94   110   228   183    44    94    47     6    72  2020    60
     12     9    17    37     0    22    28     1  3926    42     0    42
      1     8    56    31]
 [   59    27   151   189    49     8    20     9     5    31    87   729
     12     3    16     8     1     9    14     0  1259    17     1    14
      0     2    25    20]
 [   29    32    17    97    31    10    23    12     1    25    36    16
    177     3     6    14     0     5    11     1   738     9     0    17
      0    18    16    17]
 [  334    64    32    25    70     8     8    47    11    10    11     5
      0   561     5    65     0   194    65     0  1212    39     0    13
      0     1     6    86]
 [   30    22    20    45    30    22    11    14     2    15    26    29
      3     3   455     8     0     6     4     3   876     7     0    13
      1     2    24    12]
 [  341    38     2    16    49    37    10     8     2     4    19     1
      0    12     1  5350     0   121    26     0   552    76     0     7
      0    30    17     4]
 [    8     4     5     9     4     7     2     2     0     5     6     3
      2     1     3     6     2     1     4     0   208     3     0     2
      0     6    37     2]
 [  350   371    10    19    65    37     7    18     9     9    17     3
      1    31     4   148     0  1305   208     0  1426    33     0    15
      1     2     9    24]
 [  317    36     3    19    45    18     3    15     5     3     9     0
      0     5     0    40     0    54  2938     0  1174    15     0     8
      0     1     8     5]
 [    7     6     8    22    31    25     9     4     0    23    16     6
      2     6    12     9     1     0     2    31   500     7     0     6
      0     1    21     5]
 [ 1557   801   689   859  1295   583   556   800   149   354  1088   220
     49   236   130   448     6   366   485    11 40171   443    17   424
     16    63   326   356]
 [  175    35    13    24   132   101    30    17    50    16    48     6
      1    12     4    79     0    43    35     0  1876  1524     0    21
      2     2     9    19]
 [  116     6     7     9    23     9     3     5     1     8     6     1
      1     4     2    19     0    26     3     0   350     7    24     6
      0     0     3     3]
 [   95    68    34    90   159    37    60    27     6    43   121     9
      6    10     7    33     0    27    26     0  2702    33     0   776
      2    11    33    65]
 [   60     8     7     8    39    29     3     3     1    10     8     0
      0     3     0    62     0    40     5     0   418    12     0     5
     28     0     6     3]
 [   11     9     6    18    31    26    12     4     5    25    25     5
      6     0     1    80     0     1    10     0   614    11     0    20
      0   410   109     7]
 [   32    32    23    69    56    43    13    11    15   102    81    20
      3     2     8    53     0    23    19     0  1757    21     0    20
      0    86  1157    16]
 [  175    44    47    46    57    10    35    86     2    15    33     6
      1    22     9    22     0    19    15     0  1545     9     0    37
      0     0    11  1059]]

Classification Report:
                precision    recall  f1-score   support

    admiration       0.54      0.62      0.58     10011
     amusement       0.60      0.60      0.60      5813
         anger       0.49      0.35      0.41      4938
     annoyance       0.41      0.25      0.31      7896
      approval       0.45      0.25      0.32     10676
        caring       0.39      0.28      0.33      3334
     confusion       0.48      0.25      0.33      4700
     curiosity       0.51      0.32      0.39      5621
        desire       0.55      0.22      0.32      2049
disappointment       0.46      0.19      0.27      4485
   disapproval       0.44      0.28      0.34      7302
       disgust       0.53      0.26      0.35      2765
 embarrassment       0.59      0.13      0.21      1361
    excitement       0.51      0.20      0.28      2872
          fear       0.61      0.27      0.37      1683
     gratitude       0.74      0.80      0.77      6723
         grief       0.20      0.01      0.01       332
           joy       0.49      0.32      0.38      4122
          love       0.65      0.62      0.63      4721
   nervousness       0.58      0.04      0.08       760
       neutral       0.46      0.77      0.57     52498
      optimism       0.52      0.36      0.42      4274
         pride       0.51      0.04      0.07       642
   realization       0.44      0.17      0.25      4480
        relief       0.46      0.04      0.07       758
       remorse       0.58      0.28      0.38      1446
       sadness       0.51      0.32      0.39      3662
      surprise       0.50      0.32      0.39      3305

      accuracy                           0.49    163229
     macro avg       0.51      0.30      0.35    163229
  weighted avg       0.49      0.49      0.46    163229

Best parameters: {'alpha': 0.5}
Best score: 0.3886564316600397


GridSearch_MNB - classifying Sentiments: 

Params: GridSearchCV(estimator=MultinomialNB(), n_jobs=-1,
             param_grid={'alpha': [0, 0.1, 0.5, 1.0]}) 

Score 0.61847465830214

Confusion Matrix:
[[ 6358  2533  5550  3665]
 [ 1221 22497  7903  5009]
 [ 2579  7613 30085 12221]
 [ 1301  4017  8664 42013]]

Classification Report:
              precision    recall  f1-score   support

   ambiguous       0.55      0.35      0.43     18106
    negative       0.61      0.61      0.61     36630
     neutral       0.58      0.57      0.57     52498
    positive       0.67      0.75      0.71     55995

    accuracy                           0.62    163229
   macro avg       0.60      0.57      0.58    163229
weighted avg       0.61      0.62      0.61    163229

Best parameters: {'alpha': 1.0}
Best score: 0.5438126809518974


GridSearch_DCT - classifying Emotions: 

Params: GridSearchCV(estimator=DecisionTreeClassifier(),
             param_grid={'criterion': ['gini', 'entropy'], 'max_depth': [2, 8],
                         'min_samples_split': [2, 3, 4]}) 

Score 0.3893119482444909

Confusion Matrix:
[[ 1578    53     0     0     0     0     0     0     0     0     0     0
      0     0     0    65     0     1   368     0  7873    62     0     0
      0    11     0     0]
 [   30  1978     2     0     0     0     0     0     0     0     0     0
      0     0     0    29     0     0    74     0  3664    17     0     0
      2    17     0     0]
 [   18    27     5     0     0     1     0     0     0     0     0     0
      0     0     0    18     0     0    34     0  4803    16     0     0
      0    16     0     0]
 [   40   114     3    14     0     4     0     0     0     0     2     0
      0     0     0    48     0     0    68     0  7538    22     0     0
      1    42     0     0]
 [  125    84     0     1     4     1     0     0     0     0     1     0
      0     0     0    29     0     1   159     0 10174    69     0     0
      1    27     0     0]
 [   15    19     0     0     0    13     0     0     0     0     1     0
      0     0     0    13     0     0    67     0  3076    65     0     0
      0    65     0     0]
 [   16    51     0     0     0     0     3     3     0     0     0     0
      0     0     0    10     0     0    39     0  4553     6     0     0
      0    19     0     0]
 [   28    49     0     0     0     0     0     5     0     0     0     0
      0     0     0    16     0     0    48     0  5443    12     0     0
      0    20     0     0]
 [   21    18     0     0     0     0     0     0     5     0     0     0
      0     0     0     7     0     0    63     0  1833    99     0     0
      1     2     0     0]
 [   17    37     0     1     0     3     0     0     0     3     3     0
      0     0     0    12     0     1    33     0  4283    30     0     0
      0    62     0     0]
 [   33    76     1     2     0     2     0     0     0     0    10     0
      0     0     0    17     0     0    65     0  7011    33     0     0
      0    52     0     0]
 [   12    22     0     1     0     0     0     0     0     0     0     2
      0     0     0     2     0     0    13     0  2691    12     0     0
      0    10     0     0]
 [    9    12     0     2     0     0     0     0     0     1     0     0
      0     0     0     2     0     0     9     0  1277     6     0     0
      0    43     0     0]
 [   81    26     1     0     0     0     0     0     1     0     0     0
      0     1     0     8     0     2    65     0  2672    11     0     0
      0     4     0     0]
 [    8    23     0     0     0     0     0     0     0     0     0     0
      0     0     1     0     0     0    11     0  1624    10     0     0
      0     6     0     0]
 [   95    20     0     2     1     7     0     5     0     1     0     1
      0     0     1  4909     0     0    38     0  1478    23     0     0
     14   128     0     0]
 [    1     1     0     0     0     1     0     0     0     0     0     0
      0     0     0     1     0     0     2     0   304     2     0     0
      0    20     0     0]
 [   88   138     0     0     0     0     0     0     0     0     0     0
      0     0     0    26     0    11   211     0  3614    29     0     0
      0     5     0     0]
 [   24    28     0     2     0     0     0     0     0     0     0     0
      0     0     0    23     0     0  2889     0  1735    16     0     0
      0     4     0     0]
 [    1     2     0     0     0     0     0     0     0     0     0     0
      0     0     1     2     0     0     6     0   736     6     0     0
      0     6     0     0]
 [  279   549     1     1     1     6     0     2     2     1     1     0
      0     0     1   173     0     1   626     0 50412   258     0     0
      2   181     1     0]
 [   53    27     0     0     0     5     0     0     0     0     0     0
      0     0     0    16     0     3    69     0  3189   903     0     0
      0     9     0     0]
 [   22     7     0     0     0     0     0     0     0     0     0     0
      0     0     0     1     0     0     2     0   606     4     0     0
      0     0     0     0]
 [   28    41     0     1     0     3     0     2     0     0     0     0
      0     0     0    12     0     1    41     0  4303    15     0     1
      0    32     0     0]
 [    5     6     0     0     1     0     0     0     0     1     0     0
      0     0     0    23     0     0     3     0   692     7     0     0
     20     0     0     0]
 [    3     4     0     0     0     8     0     0     0     0     0     0
      0     0     0     2     0     0     9     0   641     2     0     0
      0   777     0     0]
 [   14    24     0     0     0     3     0     0     0     0     0     0
      0     0     0     5     0     2    28     0  3213    28     0     0
      0   342     3     0]
 [   23    23     0     1     0     0     0     0     0     0     0     0
      0     0     0    11     0     0    15     0  3218     9     0     0
      0     5     0     0]]

Classification Report:
                precision    recall  f1-score   support

    admiration       0.59      0.16      0.25     10011
     amusement       0.57      0.34      0.43      5813
         anger       0.38      0.00      0.00      4938
     annoyance       0.50      0.00      0.00      7896
      approval       0.57      0.00      0.00     10676
        caring       0.23      0.00      0.01      3334
     confusion       1.00      0.00      0.00      4700
     curiosity       0.29      0.00      0.00      5621
        desire       0.62      0.00      0.00      2049
disappointment       0.43      0.00      0.00      4485
   disapproval       0.56      0.00      0.00      7302
       disgust       0.67      0.00      0.00      2765
 embarrassment       1.00      0.00      0.00      1361
    excitement       1.00      0.00      0.00      2872
          fear       0.25      0.00      0.00      1683
     gratitude       0.90      0.73      0.80      6723
         grief       1.00      0.00      0.00       332
           joy       0.48      0.00      0.01      4122
          love       0.57      0.61      0.59      4721
   nervousness       1.00      0.00      0.00       760
       neutral       0.35      0.96      0.52     52498
      optimism       0.51      0.21      0.30      4274
         pride       1.00      0.00      0.00       642
   realization       1.00      0.00      0.00      4480
        relief       0.49      0.03      0.05       758
       remorse       0.41      0.54      0.46      1446
       sadness       0.75      0.00      0.00      3662
      surprise       1.00      0.00      0.00      3305

      accuracy                           0.39    163229
     macro avg       0.65      0.13      0.12    163229
  weighted avg       0.53      0.39      0.26    163229

Best parameters: {'criterion': 'gini', 'max_depth': 8, 'min_samples_split': 2}
Best score: 0.3874189072909149


GridSearch_DCT - classifying Sentiments: 

Params: GridSearchCV(estimator=DecisionTreeClassifier(),
             param_grid={'criterion': ['gini', 'entropy'], 'max_depth': [2, 8],
                         'min_samples_split': [2, 3, 4]}) 

Score 0.41920859651164927

Confusion Matrix:
[[   48    91 17292   675]
 [    4  1518 33597  1511]
 [   18   212 49674  2594]
 [    9   335 38464 17187]]

Classification Report:
              precision    recall  f1-score   support

   ambiguous       0.61      0.00      0.01     18106
    negative       0.70      0.04      0.08     36630
     neutral       0.36      0.95      0.52     52498
    positive       0.78      0.31      0.44     55995

    accuracy                           0.42    163229
   macro avg       0.61      0.32      0.26    163229
weighted avg       0.61      0.42      0.34    163229

Best parameters: {'criterion': 'gini', 'max_depth': 8, 'min_samples_split': 3}
Best score: 0.41762186561050296


GridSearch_MLP - classifying Emotions: 

Params: GridSearchCV(estimator=MLPClassifier(),
             param_grid={'activation': ['logistic', 'tanh', 'relu', 'identity'],
                         'hidden_layer_sizes': [(30, 30, 30), (10, 30, 50)],
                         'max_iter': [25], 'solver': ['adam', 'sgd']}) 

Score 0.4421885816858524

Confusion Matrix:
[[ 5263   141    18    10    65    20     3    28    16     0    14    14
      0     5     0   197     0   185   416     0  3374    82     0     1
      0     4    17   138]
 [  159  3705    19    23    10     2     7     8     5     0     1     3
      0     2     0    45     0    94    55     0  1565    24     0     3
      0     9    25    49]
 [   41    49  1162   129    17    20     7    26     6     5    58    54
      0     0     0    24     0     8    23     0  3220    21     0     0
      0    15    36    17]
 [   86   192   434   249    52    23    34    44    18     9   141    86
      0     1     0    81     0    24    56     0  6146    35     0     4
      0    44    81    56]
 [  582   186    34    38   579    42    21    19    24     7   125    19
      0     1     0    66     0   102   166     0  8459   103     0     3
      0    29    41    30]
 [  106    48    27    23    16   191     2    10    12     4    28     6
      0     0     0    63     0    61    49     0  2461   126     0     0
      0    58    39     4]
 [   59   100    45    18    29     3   333   114     2     0    83     5
      0     2     0    19     0    14    35     0  3766    11     0     3
      0    16    16    27]
 [  112   101    55    12    26     1    36   594    11     1    14     3
      0     3     0    24     0    15    47     0  4463    16     0     1
      0    14     6    66]
 [   57    31    10     4    15     6     2     5   418     1    12     2
      0     2     0    18     0    26    67     0  1219   137     0     0
      0     2    10     5]
 [   58    68    92    56    38    14    17    14    25    17    60    52
      0     2     0    24     0    25    34     0  3565    40     0     2
      0    62   187    33]
 [   79   119   134    73   112    10    48    16    16    12   420    35
      0     1     0    40     0    20    55     0  5952    38     0     1
      0    41    42    38]
 [   22    25   295    78    10    11     5     5     7     4    53   358
      0     0     0    12     0     5    10     0  1792    12     0     2
      0     5    39    15]
 [   21    27    52    55    10     5     7     5     1    11    34    20
      0     0     0     7     0     5    16     0   973    14     0     3
      0    37    45    13]
 [  370    73    22     3    17     6     4    23    12     0     2     1
      0   117     0    64     0   226    99     0  1660    16     0     0
      0     2    10   145]
 [    3    36    55    14     8     8     1     4    24    13    28    38
      0     1    14    37     0     8     8     0  1299    22     0     2
      0    24    17    19]
 [  416    57     0     3     8    32     3     5    10     0     6     3
      0     1     0  5276     0   208    32     0   477    56     0     1
      0   112    13     4]
 [    7     6     4     5     2     3     1     0     0     0     2     1
      0     0     0     4     0     6     4     0   243     4     0     0
      0    16    24     0]
 [  347   548     9     1    26    12     2     2    13     2     1     2
      0     2     0    99     0  1123   263     0  1579    37     0     0
      0     4    21    29]
 [  263    54     8     2    18     1     4     3     5     0     7     0
      0     0     0    27     0    61  3138     0  1097    17     0     0
      0     2    10     4]
 [    4     6    22     9     2     5     6     4     2     2     8     4
      0     1     0     4     0     5     4     0   626    11     0     2
      0    11    20     2]
 [ 1131  1025   503   185   259    97   162   281   152    16   362    98
      0    11     3   329     0   296   624     0 45997   304     0    10
      0   113   302   238]
 [  195    67    10    24    42    88    10     8    98     4    22     3
      0     2     0    67     0    68    69     0  2333  1104     0     3
      0    11    29    17]
 [  118    11     5     1     3     0     0     0     1     1     4     2
      0     0     0    13     0    33     4     0   433     4     0     0
      0     1     4     4]
 [   74   104    30    31    36     3    25    14     8     4    66     6
      0     4     0    27     0    30    37     0  3783    28     0    17
      0    30    28    95]
 [   38     8     7     3     7     8     0     0     1     1     3     2
      0     0     0    66     0    71     3     0   514     8     0     1
      0     0    16     1]
 [    5    31     7    13     9    10     6     0     8     5    12     0
      0     0     0    24     0     4     8     0   503    11     0     3
      0   652   134     1]
 [   17    57    30    24    16    14     2     3    21    11    31    25
      0     1     1    27     0    27    33     0  2242    41     0     2
      0   277   748    12]
 [  184    44    62     4     9     0    13   103    13     1    24     3
      0     6     0    18     0    21    39     0  2040    11     0     1
      0     2     4   703]]

Classification Report:
                precision    recall  f1-score   support

    admiration       0.54      0.53      0.53     10011
     amusement       0.54      0.64      0.58      5813
         anger       0.37      0.24      0.29      4938
     annoyance       0.23      0.03      0.06      7896
      approval       0.40      0.05      0.10     10676
        caring       0.30      0.06      0.10      3334
     confusion       0.44      0.07      0.12      4700
     curiosity       0.44      0.11      0.17      5621
        desire       0.45      0.20      0.28      2049
disappointment       0.13      0.00      0.01      4485
   disapproval       0.26      0.06      0.09      7302
       disgust       0.42      0.13      0.20      2765
 embarrassment       1.00      0.00      0.00      1361
    excitement       0.71      0.04      0.08      2872
          fear       0.78      0.01      0.02      1683
     gratitude       0.79      0.78      0.79      6723
         grief       1.00      0.00      0.00       332
           joy       0.41      0.27      0.33      4122
          love       0.58      0.66      0.62      4721
   nervousness       1.00      0.00      0.00       760
       neutral       0.41      0.88      0.56     52498
      optimism       0.47      0.26      0.33      4274
         pride       1.00      0.00      0.00       642
   realization       0.26      0.00      0.01      4480
        relief       1.00      0.00      0.00       758
       remorse       0.41      0.45      0.43      1446
       sadness       0.38      0.20      0.27      3662
      surprise       0.40      0.21      0.28      3305

      accuracy                           0.44    163229
     macro avg       0.54      0.21      0.22    163229
  weighted avg       0.44      0.44      0.36    163229

Best parameters: {'activation': 'identity', 'hidden_layer_sizes': (30, 30, 30), 'max_iter': 25, 'solver': 'sgd'}
Best score: 0.4227128886379682

